0.016667 	0        	0       	0       	0        	0
0.033333 	0        	0       	0       	0        	0
0.05     	0        	0       	0       	0        	0
0.066667 	0        	0       	0       	0        	0
0.083333 	0        	0       	0       	0        	0
0.1      	0        	0       	0       	0        	0
0.116667 	0        	0       	0       	0        	0
0.133333 	0        	0       	0       	0        	0
0.15     	0        	0       	0       	0        	0
0.166667 	0        	0       	0       	0        	0
0.183333 	0        	0       	0       	0        	0
0.2      	0        	0       	0       	0        	0
0.216667 	0        	0       	0       	0        	0
0.233333 	0.1069   	0.1055  	0.0703  	0.151    	0.1033
0.25     	0.8184   	0.7869  	0.5267  	1.1364   	0.7285
0.266667 	2.033    	1.8772  	1.2659  	2.7494   	1.6009
0.283333 	3.5636   	3.1257  	2.1276  	4.659    	2.4243
0.3      	5.2987   	4.3861  	3.0162  	6.6649   	3.0908
0.316667 	7.1496   	5.5665  	3.868   	8.6278   	3.5854
0.333333 	9.0453   	6.6175  	4.6455  	10.4588  	3.9334
0.35     	11.1304  	7.6818  	5.4417  	12.3552  	4.2855
0.366667 	13.1673  	8.5768  	6.1283  	14.0285  	4.5211
0.383333 	15.1166  	9.3118  	6.7068  	15.4709  	4.6757
0.4      	16.9515  	9.9049  	7.1855  	16.6922  	4.7758
0.416667 	18.6552  	10.3773 	7.5763  	17.712   	4.8402
0.433333 	20.5256  	10.9716 	8.0471  	18.903   	5.028
0.45     	22.2344  	11.439  	8.4263  	19.8833  	5.1483
0.466667 	23.7805  	11.8031 	8.7288  	20.6822  	5.2246
0.483333 	25.168   	12.0849 	8.9683  	21.3286  	5.2727
0.5      	26.4046  	12.3017 	9.1569  	21.8485  	5.303
0.516667 	27.9273  	12.7586 	9.5093  	22.7275  	5.5095
0.533333 	29.2763  	13.1097 	9.7863  	23.4324  	5.6395
0.55     	30.4641  	13.3778 	10.0026 	23.9944  	5.7206
0.566667 	31.5049  	13.5817 	10.1707 	24.4402  	5.7708
0.583333 	32.4129  	13.7361 	10.3009 	24.7927  	5.8019
0.6      	33.7918  	14.241  	10.6754 	25.6921  	6.0695
0.616667 	34.9934  	14.6241 	10.966  	26.404   	6.2353
0.633333 	36.0354  	14.9131 	11.19   	26.9642  	6.3367
0.65     	36.9356  	15.1299 	11.362  	27.4032  	6.3984
0.666667 	37.7108  	15.2921 	11.4936 	27.746   	6.4357
0.683333 	39.2165  	15.9574 	11.9784 	28.8863  	6.8052
0.7      	40.515   	16.4566 	12.3505 	29.7797  	7.0295
0.716667 	41.6296  	16.8283 	12.634  	30.4749  	7.1636
0.733333 	42.5827  	17.1035 	12.849  	31.0132  	7.2433
0.75     	43.3952  	17.3064 	13.0113 	31.4284  	7.2903
0.766667 	45.3672  	18.2792 	13.7154 	33.0707  	7.841
0.783333 	47.0544  	18.9999 	14.2495 	34.3435  	8.1671
0.8      	48.4899  	19.5284 	14.6509 	35.3214  	8.3564
0.816667 	49.706   	19.9129 	14.9505 	36.0678  	8.4652
0.833333 	50.7324  	20.1913 	15.1729 	36.6347  	8.5273
0.85     	53.8044  	21.8066 	16.3372 	39.3375  	9.457
0.866667 	56.414   	22.9845 	17.208  	41.4056  	9.9895
0.883333 	58.614   	23.8301 	17.8502 	42.9679  	10.286
0.9      	60.4571  	24.4308 	18.319  	44.1369  	10.4485
0.916667 	61.9935  	24.8543 	18.6589 	45.0058  	10.5368
0.933333 	68.1556  	28.2777 	21.1144 	50.6765  	12.5501
0.95     	73.3599  	30.7229 	22.9184 	54.949   	13.6478
0.966667 	77.6962  	32.4212 	24.2103 	58.0937  	14.2168
0.983333 	81.2712  	33.5794 	25.1198 	60.3713  	14.5046
1        	84.1941  	34.3599 	25.7526 	62.0026  	14.6483
1.016667 	113.7222 	52.4072 	38.574  	91.3132  	25.6888
1.033333 	139.1747 	65.038  	47.8797 	113.2823 	31.0584
1.05     	159.9882 	73.001  	54.0144 	128.3536 	33.2584
1.066667 	176.4028 	77.7467 	57.8464 	138.1737 	34.105
1.083333 	189.0229 	80.4889 	60.1673 	144.3796 	34.4232
1.1      	198.5519 	82.0465 	61.5481 	148.2301 	34.5418
1.116667 	205.6546 	82.923  	62.3612 	150.5931 	34.5859
1.133333 	211.0234 	83.5353 	62.918  	152.2078 	34.7232
1.15     	215.5901 	84.4979 	63.6452 	154.0812 	35.4365
1.166667 	219.5559 	85.6923 	64.4633 	156.1632 	36.5885
1.183333 	187.529  	65.6815 	50.1164 	123.4556 	25.3174
1.2      	165.4038 	55.0953 	42.1634 	104.7224 	21.4662
1.216667 	149.7374 	49.1217 	37.4798 	93.4335  	20.1493
1.233333 	138.4379 	45.6206 	34.6108 	86.4101  	19.8696
1.25     	130.1778 	43.5289 	32.8091 	81.9618  	20.0552
1.266667 	117.85   	38.5968 	29.0561 	73.1036  	18.1313
1.283333 	108.6574 	35.4945 	26.6194 	67.2492  	17.3646
1.3      	101.7045 	33.4889 	24.9953 	63.2902  	17.1278
1.316667 	96.3862  	32.1689 	23.8928 	60.5708  	17.1481
1.333333 	92.2827  	31.2907 	23.1352 	58.6843  	17.2953
1.35     	86.3698  	29.0731 	21.4618 	54.7104  	16.4307
1.366667 	81.7473  	27.5658 	20.2981 	51.8921  	16.0333
1.383333 	78.101   	26.5244 	19.4767 	49.8658  	15.8739
1.4      	75.2038  	25.7966 	18.8908 	48.3942  	15.8398
1.416667 	72.8885  	25.2839 	18.4696 	47.3181  	15.8724
1.433333 	69.4803  	23.9816 	17.506  	45.0007  	15.306
1.45     	66.7344  	23.0584 	16.8106 	43.2898  	15
1.466667 	64.5083  	22.3962 	16.3037 	42.0145  	14.8367
1.483333 	62.6943  	21.9172 	15.9316 	41.0569  	14.7539
1.5      	61.2102  	21.5686 	15.6569 	40.3338  	14.7176
1.516667 	58.9845  	20.6968 	15.0213 	38.7849  	14.2848
1.533333 	57.1544  	20.0622 	14.5516 	37.6119  	14.0217
1.55     	55.6428  	19.596  	14.202  	36.717   	13.8571
1.566667 	54.3895  	19.2512 	13.9402 	36.0303  	13.7513
1.583333 	53.3469  	18.995  	13.7436 	35.5008  	13.6817
1.6      	51.7665  	18.3651 	13.2885 	34.3806  	13.3301
1.616667 	50.4482  	17.8979 	12.9464 	33.5171  	13.0994
1.633333 	49.3445  	17.5489 	12.6878 	32.8475  	12.9421
1.65     	48.4179  	17.2868 	12.4915 	32.3258  	12.8305
1.666667 	47.6378  	17.089  	12.342  	31.9177  	12.7484
1.683333 	46.449   	16.6099 	11.9977 	31.0646  	12.4551
1.7      	45.4468  	16.2497 	11.7355 	30.3985  	12.2529
1.716667 	44.5993  	15.9771 	11.535  	29.8756  	12.1077
1.733333 	43.8809  	15.7699 	11.381  	29.4635  	11.9995
1.75     	43.2707  	15.6118 	11.2625 	29.1376  	11.9158
1.766667 	42.3389  	15.2337 	10.9916 	28.4637  	11.6676
1.783333 	41.5469  	14.9462 	10.7831 	27.932   	11.4907
1.8      	40.8719  	14.7265 	10.622  	27.5107  	11.3596
1.816667 	40.2955  	14.5578 	10.4973 	27.1756  	11.2588
1.833333 	39.8023  	14.428  	10.4004 	26.9084  	11.1787
1.85     	39.0494  	14.121  	10.1808 	26.3609  	10.9667
1.866667 	38.405   	13.8855 	10.0103 	25.9253  	10.8119
1.883333 	37.8524  	13.7039 	9.8775  	25.5775  	10.6947
1.9      	37.3777  	13.5634 	9.7739  	25.2989  	10.6028
1.916667 	36.9693  	13.4544 	9.6928  	25.0751  	10.5286
1.933333 	36.3462  	13.1995 	9.5106  	24.6204  	10.3459
1.95     	35.8101  	13.0024 	9.3681  	24.2561  	10.2102
1.966667 	35.348   	12.8493 	9.2563  	23.9632  	10.1058
1.983333 	34.949   	12.7301 	9.1685  	23.7272  	10.0229
2        	34.6041  	12.637  	9.0994  	23.5366  	9.9552
2.016667 	34.0787  	12.4215 	8.9454  	23.152   	9.7965
2.033333 	33.6246  	12.2536 	8.8241  	22.8421  	9.6771
2.05     	33.2314  	12.1225 	8.7285  	22.5916  	9.5842
2.066667 	32.8905  	12.0197 	8.6528  	22.3886  	9.5098
2.083333 	32.5946  	11.9391 	8.593   	22.2238  	9.4484
2.1      	28.3617  	9.3973  	6.8335  	18.0715  	7.4976
2.116667 	24.8318  	7.5251  	5.5229  	14.8891  	6.1511
2.133333 	21.8608  	6.1103  	4.5245  	12.4013  	5.1517
2.15     	19.3397  	5.0185  	3.7497  	10.4237  	4.3707
2.166667 	17.1845  	4.1614  	3.1392  	8.8294   	3.7376
2.183333 	15.3298  	3.4789  	2.6521  	7.5286   	3.2107
2.2      	13.7242  	2.9294  	2.2598  	6.4566   	2.7635
2.216667 	12.3269  	2.4836  	1.9423  	5.5661   	2.3787
2.233333 	11.1051  	2.1203  	1.6853  	4.8217   	2.044
2.25     	10.0324  	1.8244  	1.4814  	4.1967   	1.7507
2.266667 	9.087    	1.586   	1.3163  	3.6713   	1.4923
2.283333 	8.2513   	1.402   	1.1759  	3.2305   	1.2639
2.3      	7.5108   	1.2539  	1.0556  	2.8641   	1.0617
2.316667 	6.8534   	1.1269  	0.9519  	2.5681   	0.8826
2.333333 	6.2693   	1.0171  	0.8619  	2.3324   	0.7244
2.35     	5.7503   	0.9218  	0.7833  	2.1259   	0.5851
2.366667 	5.2898   	0.8385  	0.7145  	1.9441   	0.4633
2.383333 	4.8831   	0.7653  	0.6538  	1.7834   	0.358
2.4      	4.527    	0.7008  	0.6001  	1.6406   	0.2685
2.416667 	4.2235   	0.6437  	0.5524  	1.5134   	0.1946
2.433333 	3.9547   	0.5929  	0.5098  	1.3996   	0.1365
2.45     	3.7091   	0.5475  	0.4717  	1.2974   	0.0958
2.466667 	3.4844   	0.5068  	0.4374  	1.2053   	0.0777
2.483333 	3.2783   	0.4703  	0.4066  	1.1222   	0.0714
2.5      	3.0889   	0.4373  	0.3787  	1.0468   	0.0658
2.516667 	2.9145   	0.4075  	0.3534  	0.9784   	0.0607
2.533333 	2.7535   	0.3804  	0.3304  	0.916    	0.0562
2.55     	2.6047   	0.3558  	0.3094  	0.8591   	0.0522
2.566667 	2.4669   	0.3334  	0.2903  	0.807    	0.0485
2.583333 	2.3392   	0.3129  	0.2728  	0.7592   	0.0452
2.6      	2.2205   	0.2941  	0.2567  	0.7153   	0.0422
2.616667 	2.11     	0.2769  	0.2419  	0.6749   	0.0395
2.633333 	2.0071   	0.261   	0.2283  	0.6376   	0.037
2.65     	1.9111   	0.2464  	0.2158  	0.6031   	0
2.666667 	1.8214   	0.2329  	0.2041  	0.5712   	0
2.683333 	1.7375   	0.2205  	0.1934  	0.5416   	0
2.7      	1.6589   	0.2089  	0.1834  	0.5141   	0
2.716667 	1.5852   	0.1982  	0.1741  	0.4885   	0
2.733333 	1.516    	0.1882  	0.1655  	0.4647   	0
2.75     	1.4509   	0.1789  	0.1574  	0.4424   	0
2.766667 	1.3897   	0.1702  	0.1499  	0.4217   	0
2.783333 	1.3321   	0.1622  	0.1429  	0.4022   	0
2.8      	1.2777   	0.1546  	0.1364  	0.384    	0
2.816667 	1.2264   	0.1475  	0.1302  	0.3669   	0
2.833333 	1.1779   	0.1409  	0.1244  	0.3509   	0
2.85     	1.1321   	0.1347  	0.119   	0.3358   	0
2.866667 	1.0888   	0.1288  	0.1139  	0.3217   	0
2.883333 	1.0477   	0.1234  	0.1091  	0.3083   	0
2.9      	1.0087   	0.1182  	0.1046  	0.2957   	0
2.916667 	0.9718   	0.1133  	0.1004  	0.2838   	0
2.933333 	0.9367   	0.1087  	0.0963  	0.2726   	0
2.95     	0.9034   	0.1044  	0.0925  	0.262    	0
2.966667 	0.8717   	0.1003  	0.089   	0.252    	0
2.983333 	0.8415   	0.0964  	0.0856  	0.2425   	0
3        	0.8128   	0.0927  	0.0823  	0.2334   	0
3.016667 	0.7855   	0.0893  	0.0793  	0.2249   	0
3.033333 	0.7594   	0.086   	0.0764  	0.2168   	0
3.05     	0.7345   	0.0828  	0.0736  	0.209    	0
3.066667 	0.7107   	0.0799  	0.071   	0.2017   	0
3.083333 	0.688    	0.077   	0.0685  	0.1947   	0
3.1      	0.6663   	0.0743  	0.0662  	0.1881   	0
3.116667 	0.6456   	0.0718  	0.0639  	0.1817   	0
3.133333 	0.6257   	0.0693  	0.0618  	0.1757   	0
3.15     	0.6067   	0.067   	0.0597  	0.1699   	0
3.166667 	0.5885   	0.0648  	0.0578  	0.1644   	0
3.183333 	0.571    	0.0627  	0.0559  	0.1592   	0
3.2      	0.5543   	0.0607  	0.0541  	0.1542   	0
3.216667 	0.5382   	0.0588  	0.0524  	0.1494   	0
3.233333 	0.5228   	0.0569  	0.0508  	0.1448   	0
3.25     	0.508    	0.0551  	0.0492  	0.1404   	0
3.266667 	0.4937   	0.0535  	0.0477  	0.1361   	0
3.283333 	0.4801   	0.0518  	0.0463  	0.1321   	0
3.3      	0.4669   	0.0503  	0.0449  	0.1282   	0
3.316667 	0.4543   	0.0488  	0.0436  	0.1245   	0
3.333333 	0.4421   	0.0474  	0.0424  	0.1209   	0
3.35     	0.4304   	0.046   	0.0411  	0.1175   	0
3.366667 	0.4191   	0.0447  	0.04    	0.1142   	0
3.383333 	0.4082   	0.0434  	0.0389  	0.1111   	0
3.4      	0.3977   	0.0422  	0.0378  	0.108    	0
3.416667 	0.3876   	0.0411  	0.0368  	0.1051   	0
3.433333 	0.3778   	0.0399  	0.0358  	0.1023   	0
3.45     	0.3684   	0.0389  	0.0348  	0.0996   	0
3.466667 	0.3593   	0.0378  	0.0339  	0.0969   	0
3.483333 	0.3505   	0       	0.033   	0.0944   	0
3.5      	0.342    	0       	0.0321  	0.092    	0
3.516667 	0.3338   	0       	0.0313  	0.0897   	0
3.533333 	0.3259   	0       	0.0305  	0.0874   	0
3.55     	0.3182   	0       	0.0298  	0.0852   	0
3.566667 	0.3108   	0       	0.029   	0.0831   	0
3.583333 	0.3036   	0       	0.0283  	0.0811   	0
3.6      	0.2967   	0       	0.0276  	0.0791   	0
3.616667 	0.29     	0       	0.0269  	0.0772   	0
3.633333 	0.2834   	0       	0.0263  	0.0754   	0
3.65     	0.2771   	0       	0       	0.0736   	0
3.666667 	0.271    	0       	0       	0.0719   	0
3.683333 	0.2651   	0       	0       	0.0702   	0
3.7      	0.2593   	0       	0       	0        	0
3.716667 	0.2538   	0       	0       	0        	0
3.733333 	0.2483   	0       	0       	0        	0
3.75     	0.2431   	0       	0       	0        	0
3.766667 	0.238    	0       	0       	0        	0
3.783333 	0.2331   	0       	0       	0        	0
3.8      	0.2282   	0       	0       	0        	0
3.816667 	0.2236   	0       	0       	0        	0
3.833333 	0.219    	0       	0       	0        	0
3.85     	0.2146   	0       	0       	0        	0
3.866667 	0.2104   	0       	0       	0        	0
3.883333 	0.2062   	0       	0       	0        	0
3.9      	0.2021   	0       	0       	0        	0
3.916667 	0.1982   	0       	0       	0        	0
3.933333 	0.1944   	0       	0       	0        	0
3.95     	0.1906   	0       	0       	0        	0
3.966667 	0.187    	0       	0       	0        	0
3.983333 	0.1835   	0       	0       	0        	0
