0.016667 2.6372          
0.033333 306.0490        
0.050000 789.9351        
0.066667 1267.8866       
0.083333 1670.2020       
0.100000 1986.5787       
0.116667 2227.0010       
0.133333 2406.5479       
0.150000 2539.5120       
0.166667 2637.6426       
0.183333 2710.0168       
0.200000 2763.4409       
0.216667 2802.9431       
0.233333 2832.2134       
0.250000 2853.9524       
0.266667 2066.7456       
0.283333 1467.3230       
0.300000 1099.5818       
0.316667 854.1414        
0.333333 681.4766        
0.350000 555.2646        
0.366667 460.2242        
0.383333 386.9198        
0.400000 329.2455        
0.416667 283.1000        
0.433333 245.6419        
0.450000 214.8514        
0.466667 189.2607        
0.483333 167.7819        
0.500000 149.5958        
0.516667 134.0754        
0.533333 120.7351        
0.550000 109.1937        
0.566667 99.1491         
0.583333 90.3591         
0.600000 82.6282         
0.616667 75.7971         
0.633333 69.7347         
0.650000 64.3328         
0.666667 59.5015         
0.683333 55.1651         
0.700000 51.2601         
0.716667 47.7326         
0.733333 44.5370         
0.750000 41.6338         
0.766667 38.9896         
0.783333 36.5753         
0.800000 34.3658         
0.816667 32.3391         
0.833333 30.4763         
0.850000 28.7606         
0.866667 27.1774         
0.883333 25.7139         
0.900000 24.3585         
0.916667 23.1013         
0.933333 21.9333         
0.950000 20.8464         
0.966667 19.8336         
0.983333 18.8884         
1.000000 18.0052         
1.016667 17.1789         
1.033333 16.4047         
1.050000 15.6786         
1.066667 14.9968         
1.083333 14.3558         
1.100000 13.7526         
1.116667 13.1843         
1.133333 12.6484         
1.150000 12.1425         
1.166667 11.6645         
1.183333 11.2125         
1.200000 10.7847         
1.216667 10.3794         
1.233333 9.9951          
1.250000 9.6305          
1.266667 9.2842          
1.283333 8.9551          
1.300000 8.6422          
1.316667 8.3443          
1.333333 8.0607          
1.350000 7.7904          
1.366667 7.5326          
1.383333 7.2866          
1.400000 7.0517          
1.416667 6.8273          
1.433333 6.6127          
1.450000 6.4075          
1.466667 6.2111          
1.483333 6.0230          
1.500000 5.8429          
1.516667 5.6701          
1.533333 5.5045          
1.550000 5.3455          
1.566667 5.1929          
1.583333 5.0464          
1.600000 4.9055          
1.616667 4.7701          
1.633333 4.6399          
1.650000 4.5146          
1.666667 4.3940          
1.683333 4.2779          
1.700000 4.1660          
1.716667 4.0582          
1.733333 3.9542          
1.750000 3.8539          
1.766667 3.7572          
1.783333 3.6638          
1.800000 3.5737          
1.816667 3.4866          
1.833333 3.4025          
1.850000 3.3211          
1.866667 3.2425          
1.883333 3.1665          
1.900000 3.0929          
1.916667 3.0217          
1.933333 2.9528          
1.950000 2.8860          
1.966667 2.8214          
1.983333 2.7588          
2.000000 2.6981          
2.016667 2.6392          
2.033333 2.5821          
2.050000 2.5268          
2.066667 2.4731          
2.083333 2.4209          
2.100000 2.3703          
2.116667 2.3212          
2.133333 2.2735          
2.150000 2.2272          
2.166667 2.1821          
2.183333 2.1383          
2.200000 2.0958          
2.216667 2.0544          
2.233333 2.0142          
2.250000 1.9750          
2.266667 1.9369          
2.283333 1.8999          
2.300000 1.8638          
2.316667 1.8286          
2.333333 1.7944          
2.350000 1.7611          
2.366667 1.7286          
2.383333 1.6970          
2.400000 1.6662          
2.416667 1.6361          
2.433333 1.6069          
2.450000 1.5783          
2.466667 1.5504          
2.483333 1.5233          
2.500000 1.4967          
2.516667 1.4709          
2.533333 1.4456          
2.550000 1.4210          
2.566667 1.3969          
2.583333 1.3734          
2.600000 1.3505          
2.616667 1.3281          
2.633333 1.3062          
2.650000 1.2848          
2.666667 1.2639          
2.683333 1.2434          
2.700000 1.2235          
2.716667 1.2039          
2.733333 1.1848          
2.750000 1.1662          
2.766667 1.1479          
2.783333 1.1301          
2.800000 1.1126          
2.816667 1.0955          
2.833333 1.0787          
2.850000 1.0624          
2.866667 1.0463          
2.883333 1.0306          
2.900000 1.0153          
2.916667 1.0002          
2.933333 0.9855          
2.950000 0.9710          
2.966667 0.9569          
2.983333 0.9430          
3.000000 0.9295          
3.016667 0.9162          
3.033333 0.9031          
3.050000 0.8903          
3.066667 0.8778          
3.083333 0.8655          
3.100000 0.8535          
3.116667 0.8417          
3.133333 0.8301          
3.150000 0.8187          
3.166667 0.8076          
3.183333 0.7966          
3.200000 0.7859          
3.216667 0.7754          
3.233333 0.7651          
3.250000 0.7549          
3.266667 0.7450          
3.283333 0.7352          
3.300000 0.7256          
3.316667 0.7162          
3.333333 0.7070          
3.350000 0.6979          
3.366667 0.6890          
3.383333 0.6802          
3.400000 0.6716          
3.416667 0.6631          
3.433333 0.6548          
3.450000 0.6467          
3.466667 0.6387          
3.483333 0.6308          
3.500000 0.6230          
3.516667 0.6154          
3.533333 0.6080          
3.550000 0.6006          
3.566667 0.5934          
3.583333 0.5863          
3.600000 0.5793          
3.616667 0.5724          
3.633333 0.5656          
3.650000 0.5590          
3.666667 0.5524          
3.683333 0.5460          
3.700000 0.5397          
3.716667 0.5335          
3.733333 0.5273          
3.750000 0.5213          
3.766667 0.5154          
3.783333 0.5095          
3.800000 0.5038          
3.816667 0.4981          
3.833333 0.4926          
3.850000 0.4871          
3.866667 0.4817          
3.883333 0.4764          
3.900000 0.4711          
3.916667 0.4660          
3.933333 0.4609          
3.950000 0.4559          
3.966667 0.4510          
3.983333 0.4462          
