0.016667 1276.1578       
0.033333 3903.5422       
0.050000 2803.6968       
0.066667 1807.2334       
0.083333 1285.9241       
0.100000 965.7568        
0.116667 752.4943        
0.133333 602.5406        
0.150000 492.8362        
0.166667 410.0781        
0.183333 346.0934        
0.200000 295.6114        
0.216667 255.0991        
0.233333 222.1112        
0.250000 194.9100        
0.266667 172.2314        
0.283333 153.1383        
0.300000 136.9234        
0.316667 123.0449        
0.333333 111.0821        
0.350000 100.7041        
0.366667 91.6483         
0.383333 83.7035         
0.400000 76.6990         
0.416667 70.4952         
0.433333 64.9772         
0.450000 60.0499         
0.466667 55.6337         
0.483333 51.6621         
0.500000 48.0788         
0.516667 44.8360         
0.533333 41.8930         
0.550000 39.2149         
0.566667 36.7716         
0.583333 34.5373         
0.600000 32.4893         
0.616667 30.6081         
0.633333 28.8765         
0.650000 27.2796         
0.666667 25.8041         
0.683333 24.4383         
0.700000 23.1720         
0.716667 21.9959         
0.733333 20.9020         
0.750000 19.8830         
0.766667 18.9324         
0.783333 18.0444         
0.800000 17.2138         
0.816667 16.4359         
0.833333 15.7065         
0.850000 15.0217         
0.866667 14.3780         
0.883333 13.7724         
0.900000 13.2020         
0.916667 12.6642         
0.933333 12.1567         
0.950000 11.6772         
0.966667 11.2238         
0.983333 10.7948         
1.000000 10.3884         
1.016667 10.0031         
1.033333 9.6376          
1.050000 9.2905          
1.066667 8.9607          
1.083333 8.6471          
1.100000 8.3487          
1.116667 8.0645          
1.133333 7.7937          
1.150000 7.5355          
1.166667 7.2891          
1.183333 7.0539          
1.200000 6.8291          
1.216667 6.6143          
1.233333 6.4088          
1.250000 6.2122          
1.266667 6.0239          
1.283333 5.8435          
1.300000 5.6706          
1.316667 5.5048          
1.333333 5.3457          
1.350000 5.1930          
1.366667 5.0463          
1.383333 4.9054          
1.400000 4.7699          
1.416667 4.6396          
1.433333 4.5142          
1.450000 4.3935          
1.466667 4.2773          
1.483333 4.1654          
1.500000 4.0575          
1.516667 3.9535          
1.533333 3.8532          
1.550000 3.7564          
1.566667 3.6630          
1.583333 3.5729          
1.600000 3.4858          
1.616667 3.4016          
1.633333 3.3203          
1.650000 3.2416          
1.666667 3.1656          
1.683333 3.0920          
1.700000 3.0208          
1.716667 2.9519          
1.733333 2.8851          
1.750000 2.8205          
1.766667 2.7578          
1.783333 2.6971          
1.800000 2.6383          
1.816667 2.5812          
1.833333 2.5259          
1.850000 2.4722          
1.866667 2.4200          
1.883333 2.3694          
1.900000 2.3203          
1.916667 2.2726          
1.933333 2.2263          
1.950000 2.1812          
1.966667 2.1375          
1.983333 2.0949          
2.000000 2.0536          
2.016667 2.0133          
2.033333 1.9742          
2.050000 1.9361          
2.066667 1.8990          
2.083333 1.8630          
2.100000 1.8278          
2.116667 1.7936          
2.133333 1.7603          
2.150000 1.7279          
2.166667 1.6963          
2.183333 1.6654          
2.200000 1.6354          
2.216667 1.6061          
2.233333 1.5776          
2.250000 1.5497          
2.266667 1.5226          
2.283333 1.4960          
2.300000 1.4702          
2.316667 1.4449          
2.333333 1.4203          
2.350000 1.3963          
2.366667 1.3728          
2.383333 1.3498          
2.400000 1.3274          
2.416667 1.3055          
2.433333 1.2842          
2.450000 1.2633          
2.466667 1.2428          
2.483333 1.2229          
2.500000 1.2034          
2.516667 1.1843          
2.533333 1.1656          
2.550000 1.1474          
2.566667 1.1295          
2.583333 1.1120          
2.600000 1.0949          
2.616667 1.0782          
2.633333 1.0618          
2.650000 1.0458          
2.666667 1.0301          
2.683333 1.0148          
2.700000 0.9997          
2.716667 0.9850          
2.733333 0.9706          
2.750000 0.9564          
2.766667 0.9426          
2.783333 0.9290          
2.800000 0.9157          
2.816667 0.9027          
2.833333 0.8899          
2.850000 0.8774          
2.866667 0.8651          
2.883333 0.8531          
2.900000 0.8413          
2.916667 0.8297          
2.933333 0.8183          
2.950000 0.8072          
2.966667 0.7963          
2.983333 0.7855          
3.000000 0.7750          
3.016667 0.7647          
3.033333 0.7546          
3.050000 0.7446          
3.066667 0.7348          
3.083333 0.7253          
3.100000 0.7159          
3.116667 0.7066          
3.133333 0.6975          
3.150000 0.6886          
3.166667 0.6799          
3.183333 0.6713          
3.200000 0.6628          
3.216667 0.6545          
3.233333 0.6464          
3.250000 0.6384          
3.266667 0.6305          
3.283333 0.6227          
3.300000 0.6151          
3.316667 0.6077          
3.333333 0.6003          
3.350000 0.5931          
3.366667 0.5860          
3.383333 0.5790          
3.400000 0.5721          
3.416667 0.5654          
3.433333 0.5587          
3.450000 0.5522          
3.466667 0.5458          
3.483333 0.5394          
3.500000 0.5332          
3.516667 0.5271          
3.533333 0.5211          
3.550000 0.5151          
3.566667 0.5093          
3.583333 0.5035          
3.600000 0.4979          
3.616667 0.4923          
3.633333 0.4869          
3.650000 0.4815          
3.666667 0.4761          
3.683333 0.4709          
3.700000 0.4658          
3.716667 0.4607          
3.733333 0.4557          
3.750000 0.4508          
3.766667 0.4460          
3.783333 0.4412          
3.800000 0.4365          
3.816667 0.4319          
3.833333 0.4273          
3.850000 0.4228          
3.866667 0.4184          
3.883333 0.4140          
3.900000 0.4097          
3.916667 0.4055          
3.933333 0.4013          
3.950000 0.3972          
3.966667 0.3931          
3.983333 0.3891          
