0.016667 322.8088        
0.033333 1457.4899       
0.050000 2673.5493       
0.066667 3634.7493       
0.083333 4321.4258       
0.100000 2966.6914       
0.116667 1965.6221       
0.133333 1409.6525       
0.150000 1061.0138       
0.166667 826.4797        
0.183333 660.7799        
0.200000 539.3156        
0.216667 447.6555        
0.233333 376.8361        
0.250000 321.0345        
0.266667 276.3288        
0.283333 239.9965        
0.300000 210.0991        
0.316667 185.2257        
0.333333 164.3297        
0.350000 146.6215        
0.366667 131.4967        
0.383333 118.4864        
0.400000 107.2223        
0.416667 97.4123         
0.433333 88.8221         
0.450000 81.2623         
0.466667 74.5784         
0.483333 68.6434         
0.500000 63.3523         
0.516667 58.6176         
0.533333 54.3659         
0.550000 50.5354         
0.566667 47.0738         
0.583333 43.9364         
0.600000 41.0851         
0.616667 38.4871         
0.633333 36.1141         
0.650000 33.9416         
0.666667 31.9482         
0.683333 30.1154         
0.700000 28.4268         
0.716667 26.8682         
0.733333 25.4269         
0.750000 24.0918         
0.766667 22.8530         
0.783333 21.7018         
0.800000 20.6303         
0.816667 19.6316         
0.833333 18.6994         
0.850000 17.8281         
0.866667 17.0127         
0.883333 16.2486         
0.900000 15.5319         
0.916667 14.8586         
0.933333 14.2256         
0.950000 13.6298         
0.966667 13.0683         
0.983333 12.5388         
1.000000 12.0389         
1.016667 11.5664         
1.033333 11.1196         
1.050000 10.6965         
1.066667 10.2957         
1.083333 9.9156          
1.100000 9.5549          
1.116667 9.2124          
1.133333 8.8868          
1.150000 8.5771          
1.166667 8.2823          
1.183333 8.0015          
1.200000 7.7339          
1.216667 7.4786          
1.233333 7.2350          
1.250000 7.0024          
1.266667 6.7801          
1.283333 6.5676          
1.300000 6.3643          
1.316667 6.1697          
1.333333 5.9833          
1.350000 5.8048          
1.366667 5.6336          
1.383333 5.4694          
1.400000 5.3118          
1.416667 5.1605          
1.433333 5.0152          
1.450000 4.8756          
1.466667 4.7413          
1.483333 4.6122          
1.500000 4.4879          
1.516667 4.3683          
1.533333 4.2531          
1.550000 4.1421          
1.566667 4.0351          
1.583333 3.9319          
1.600000 3.8324          
1.616667 3.7364          
1.633333 3.6438          
1.650000 3.5543          
1.666667 3.4679          
1.683333 3.3844          
1.700000 3.3036          
1.716667 3.2256          
1.733333 3.1501          
1.750000 3.0770          
1.766667 3.0063          
1.783333 2.9379          
1.800000 2.8716          
1.816667 2.8074          
1.833333 2.7452          
1.850000 2.6849          
1.866667 2.6265          
1.883333 2.5698          
1.900000 2.5148          
1.916667 2.4614          
1.933333 2.4096          
1.950000 2.3594          
1.966667 2.3105          
1.983333 2.2631          
2.000000 2.2171          
2.016667 2.1723          
2.033333 2.1288          
2.050000 2.0865          
2.066667 2.0454          
2.083333 2.0054          
2.100000 1.9665          
2.116667 1.9286          
2.133333 1.8918          
2.150000 1.8559          
2.166667 1.8210          
2.183333 1.7869          
2.200000 1.7538          
2.216667 1.7215          
2.233333 1.6901          
2.250000 1.6594          
2.266667 1.6296          
2.283333 1.6004          
2.300000 1.5720          
2.316667 1.5443          
2.333333 1.5173          
2.350000 1.4909          
2.366667 1.4652          
2.383333 1.4401          
2.400000 1.4156          
2.416667 1.3916          
2.433333 1.3683          
2.450000 1.3454          
2.466667 1.3231          
2.483333 1.3013          
2.500000 1.2801          
2.516667 1.2593          
2.533333 1.2389          
2.550000 1.2191          
2.566667 1.1996          
2.583333 1.1806          
2.600000 1.1621          
2.616667 1.1439          
2.633333 1.1261          
2.650000 1.1087          
2.666667 1.0917          
2.683333 1.0750          
2.700000 1.0587          
2.716667 1.0428          
2.733333 1.0272          
2.750000 1.0119          
2.766667 0.9969          
2.783333 0.9822          
2.800000 0.9678          
2.816667 0.9538          
2.833333 0.9400          
2.850000 0.9265          
2.866667 0.9132          
2.883333 0.9002          
2.900000 0.8875          
2.916667 0.8750          
2.933333 0.8628          
2.950000 0.8508          
2.966667 0.8390          
2.983333 0.8275          
3.000000 0.8162          
3.016667 0.8051          
3.033333 0.7942          
3.050000 0.7835          
3.066667 0.7731          
3.083333 0.7628          
3.100000 0.7527          
3.116667 0.7428          
3.133333 0.7330          
3.150000 0.7235          
3.166667 0.7141          
3.183333 0.7049          
3.200000 0.6959          
3.216667 0.6870          
3.233333 0.6783          
3.250000 0.6697          
3.266667 0.6613          
3.283333 0.6530          
3.300000 0.6449          
3.316667 0.6369          
3.333333 0.6290          
3.350000 0.6213          
3.366667 0.6137          
3.383333 0.6063          
3.400000 0.5990          
3.416667 0.5918          
3.433333 0.5847          
3.450000 0.5777          
3.466667 0.5709          
3.483333 0.5641          
3.500000 0.5575          
3.516667 0.5510          
3.533333 0.5446          
3.550000 0.5383          
3.566667 0.5321          
3.583333 0.5260          
3.600000 0.5200          
3.616667 0.5140          
3.633333 0.5082          
3.650000 0.5025          
3.666667 0.4969          
3.683333 0.4913          
3.700000 0.4859          
3.716667 0.4805          
3.733333 0.4752          
3.750000 0.4700          
3.766667 0.4648          
3.783333 0.4598          
3.800000 0.4548          
3.816667 0.4499          
3.833333 0.4451          
3.850000 0.4403          
3.866667 0.4356          
3.883333 0.4310          
3.900000 0.4265          
3.916667 0.4220          
3.933333 0.4176          
3.950000 0.4132          
3.966667 0.4089          
3.983333 0.4047          
