0.016667 0.0000          
0.033333 3.7213          
0.050000 116.6728        
0.066667 299.1798        
0.083333 493.1295        
0.100000 672.2095        
0.116667 827.1095        
0.133333 956.2549        
0.150000 1061.5994       
0.166667 1146.4092       
0.183333 1214.1609       
0.200000 1268.0509       
0.216667 1310.8213       
0.233333 1344.7388       
0.250000 1371.6375       
0.266667 1392.9828       
0.283333 1409.9377       
0.300000 1423.4210       
0.316667 1434.1576       
0.333333 1442.7185       
0.350000 1449.5541       
0.366667 1455.0194       
0.383333 1459.3951       
0.400000 1462.9031       
0.416667 1465.7188       
0.433333 1467.9814       
0.450000 1469.8020       
0.466667 1471.2683       
0.483333 1472.4506       
0.500000 1473.4047       
0.516667 1474.1753       
0.533333 1474.7983       
0.550000 1475.3025       
0.566667 1476.8160       
0.583333 1482.5378       
0.600000 1491.6143       
0.616667 1503.0227       
0.633333 1516.0873       
0.650000 1530.2852       
0.666667 1545.1962       
0.683333 1560.4811       
0.700000 1575.8701       
0.716667 1591.1528       
0.733333 1606.1696       
0.750000 1620.8029       
0.766667 1250.3472       
0.783333 938.3812        
0.800000 726.7018        
0.816667 575.7618        
0.833333 465.8316        
0.850000 384.9982        
0.866667 324.8946        
0.883333 278.5741        
0.900000 241.4121        
0.916667 210.9799        
0.933333 185.7496        
0.950000 164.6134        
0.966667 146.7430        
0.983333 131.5088        
1.000000 118.4252        
1.016667 107.1129        
1.033333 97.2719         
1.050000 88.6629         
1.066667 81.0928         
1.083333 74.4044         
1.100000 68.4690         
1.116667 63.1804         
1.133333 58.4500         
1.150000 54.2038         
1.166667 50.3796         
1.183333 46.9247         
1.200000 43.7942         
1.216667 40.9498         
1.233333 38.3586         
1.250000 35.9922         
1.266667 33.8261         
1.283333 31.8388         
1.300000 30.0118         
1.316667 28.3288         
1.333333 26.7754         
1.350000 25.3391         
1.366667 24.0087         
1.383333 22.7743         
1.400000 21.6273         
1.416667 20.5597         
1.433333 19.5646         
1.450000 18.6359         
1.466667 17.7678         
1.483333 16.9555         
1.500000 16.1943         
1.516667 15.4802         
1.533333 14.8095         
1.550000 14.1789         
1.566667 13.5853         
1.583333 13.0260         
1.600000 12.4985         
1.616667 12.0004         
1.633333 11.5297         
1.650000 11.0845         
1.666667 10.6631         
1.683333 10.2638         
1.700000 9.8851          
1.716667 9.5258          
1.733333 9.1844          
1.750000 8.8600          
1.766667 8.5515          
1.783333 8.2577          
1.800000 7.9780          
1.816667 7.7113          
1.833333 7.4570          
1.850000 7.2142          
1.866667 6.9824          
1.883333 6.7610          
1.900000 6.5492          
1.916667 6.3466          
1.933333 6.1527          
1.950000 5.9670          
1.966667 5.7890          
1.983333 5.6184          
2.000000 5.4548          
2.016667 5.2977          
2.033333 5.1469          
2.050000 5.0021          
2.066667 4.8629          
2.083333 4.7291          
2.100000 4.6004          
2.116667 4.4765          
2.133333 4.3573          
2.150000 4.2424          
2.166667 4.1318          
2.183333 4.0252          
2.200000 3.9223          
2.216667 3.8232          
2.233333 3.7275          
2.250000 3.6351          
2.266667 3.5459          
2.283333 3.4597          
2.300000 3.3764          
2.316667 3.2960          
2.333333 3.2181          
2.350000 3.1429          
2.366667 3.0700          
2.383333 2.9996          
2.400000 2.9313          
2.416667 2.8652          
2.433333 2.8012          
2.450000 2.7392          
2.466667 2.6791          
2.483333 2.6208          
2.500000 2.5642          
2.516667 2.5094          
2.533333 2.4562          
2.550000 2.4046          
2.566667 2.3544          
2.583333 2.3057          
2.600000 2.2585          
2.616667 2.2125          
2.633333 2.1679          
2.650000 2.1245          
2.666667 2.0823          
2.683333 2.0413          
2.700000 2.0014          
2.716667 1.9626          
2.733333 1.9248          
2.750000 1.8881          
2.766667 1.8523          
2.783333 1.8175          
2.800000 1.7835          
2.816667 1.7505          
2.833333 1.7183          
2.850000 1.6869          
2.866667 1.6563          
2.883333 1.6265          
2.900000 1.5975          
2.916667 1.5691          
2.933333 1.5415          
2.950000 1.5145          
2.966667 1.4882          
2.983333 1.4626          
3.000000 1.4375          
3.016667 1.4131          
3.033333 1.3892          
3.050000 1.3659          
3.066667 1.3431          
3.083333 1.3208          
3.100000 1.2991          
3.116667 1.2779          
3.133333 1.2571          
3.150000 1.2368          
3.166667 1.2170          
3.183333 1.1976          
3.200000 1.1787          
3.216667 1.1601          
3.233333 1.1420          
3.250000 1.1243          
3.266667 1.1069          
3.283333 1.0899          
3.300000 1.0733          
3.316667 1.0570          
3.333333 1.0411          
3.350000 1.0255          
3.366667 1.0103          
3.383333 0.9953          
3.400000 0.9807          
3.416667 0.9663          
3.433333 0.9523          
3.450000 0.9385          
3.466667 0.9250          
3.483333 0.9118          
3.500000 0.8989          
3.516667 0.8862          
3.533333 0.8737          
3.550000 0.8615          
3.566667 0.8495          
3.583333 0.8378          
3.600000 0.8263          
3.616667 0.8150          
3.633333 0.8039          
3.650000 0.7931          
3.666667 0.7824          
3.683333 0.7719          
3.700000 0.7617          
3.716667 0.7516          
3.733333 0.7417          
3.750000 0.7320          
3.766667 0.7225          
3.783333 0.7131          
3.800000 0.7039          
3.816667 0.6949          
3.833333 0.6860          
3.850000 0.6773          
3.866667 0.6688          
3.883333 0.6604          
3.900000 0.6521          
3.916667 0.6440          
3.933333 0.6360          
3.950000 0.6282          
3.966667 0.6205          
3.983333 0.6129          
