0.016667 2895.0171       
0.033333 2194.3298       
0.050000 1423.1962       
0.066667 1027.7900       
0.083333 782.5058        
0.100000 617.1304        
0.116667 499.4784        
0.133333 412.4652        
0.150000 346.1656        
0.166667 294.4325        
0.183333 253.2697        
0.200000 219.9766        
0.216667 192.6698        
0.233333 170.0008        
0.250000 150.9819        
0.266667 134.8756        
0.283333 121.1219        
0.300000 109.2892        
0.316667 99.0402         
0.333333 90.1084         
0.350000 82.2808         
0.366667 75.3857         
0.383333 69.2831         
0.400000 63.8584         
0.416667 59.0167         
0.433333 54.6790         
0.450000 50.7791         
0.466667 47.2613         
0.483333 44.0784         
0.500000 41.1901         
0.516667 38.5621         
0.533333 36.1646         
0.550000 33.9722         
0.566667 31.9627         
0.583333 30.1168         
0.600000 28.4177         
0.616667 26.8505         
0.633333 25.4024         
0.650000 24.0619         
0.666667 22.8189         
0.683333 21.6644         
0.700000 20.5904         
0.716667 19.5898         
0.733333 18.6563         
0.750000 17.7841         
0.766667 16.9682         
0.783333 16.2040         
0.800000 15.4873         
0.816667 14.8143         
0.833333 14.1817         
0.850000 13.5864         
0.866667 13.0257         
0.883333 12.4969         
0.900000 11.9978         
0.916667 11.5262         
0.933333 11.0802         
0.950000 10.6581         
0.966667 10.2582         
0.983333 9.8791          
1.000000 9.5194          
1.016667 9.1777          
1.033333 8.8531          
1.050000 8.5443          
1.066667 8.2504          
1.083333 7.9705          
1.100000 7.7038          
1.116667 7.4494          
1.133333 7.2066          
1.150000 6.9748          
1.166667 6.7533          
1.183333 6.5416          
1.200000 6.3391          
1.216667 6.1452          
1.233333 5.9596          
1.250000 5.7817          
1.266667 5.6112          
1.283333 5.4476          
1.300000 5.2907          
1.316667 5.1400          
1.333333 4.9953          
1.350000 4.8562          
1.366667 4.7225          
1.383333 4.5939          
1.400000 4.4702          
1.416667 4.3510          
1.433333 4.2363          
1.450000 4.1258          
1.466667 4.0193          
1.483333 3.9166          
1.500000 3.8175          
1.516667 3.7219          
1.533333 3.6296          
1.550000 3.5405          
1.566667 3.4545          
1.583333 3.3713          
1.600000 3.2909          
1.616667 3.2132          
1.633333 3.1381          
1.650000 3.0653          
1.666667 2.9949          
1.683333 2.9268          
1.700000 2.8608          
1.716667 2.7969          
1.733333 2.7349          
1.750000 2.6749          
1.766667 2.6167          
1.783333 2.5603          
1.800000 2.5055          
1.816667 2.4524          
1.833333 2.4008          
1.850000 2.3508          
1.866667 2.3022          
1.883333 2.2549          
1.900000 2.2091          
1.916667 2.1645          
1.933333 2.1212          
1.950000 2.0791          
1.966667 2.0381          
1.983333 1.9983          
2.000000 1.9596          
2.016667 1.9219          
2.033333 1.8852          
2.050000 1.8494          
2.066667 1.8147          
2.083333 1.7808          
2.100000 1.7478          
2.116667 1.7157          
2.133333 1.6843          
2.150000 1.6538          
2.166667 1.6241          
2.183333 1.5950          
2.200000 1.5668          
2.216667 1.5392          
2.233333 1.5122          
2.250000 1.4860          
2.266667 1.4604          
2.283333 1.4353          
2.300000 1.4109          
2.316667 1.3871          
2.333333 1.3638          
2.350000 1.3411          
2.366667 1.3189          
2.383333 1.2972          
2.400000 1.2760          
2.416667 1.2553          
2.433333 1.2350          
2.450000 1.2152          
2.466667 1.1959          
2.483333 1.1769          
2.500000 1.1584          
2.516667 1.1403          
2.533333 1.1226          
2.550000 1.1053          
2.566667 1.0884          
2.583333 1.0718          
2.600000 1.0555          
2.616667 1.0396          
2.633333 1.0241          
2.650000 1.0088          
2.666667 0.9939          
2.683333 0.9793          
2.700000 0.9650          
2.716667 0.9509          
2.733333 0.9372          
2.750000 0.9237          
2.766667 0.9105          
2.783333 0.8976          
2.800000 0.8849          
2.816667 0.8725          
2.833333 0.8603          
2.850000 0.8484          
2.866667 0.8367          
2.883333 0.8252          
2.900000 0.8139          
2.916667 0.8028          
2.933333 0.7920          
2.950000 0.7813          
2.966667 0.7709          
2.983333 0.7606          
3.000000 0.7506          
3.016667 0.7407          
3.033333 0.7310          
3.050000 0.7215          
3.066667 0.7122          
3.083333 0.7030          
3.100000 0.6940          
3.116667 0.6851          
3.133333 0.6764          
3.150000 0.6679          
3.166667 0.6595          
3.183333 0.6513          
3.200000 0.6432          
3.216667 0.6352          
3.233333 0.6274          
3.250000 0.6197          
3.266667 0.6121          
3.283333 0.6047          
3.300000 0.5974          
3.316667 0.5902          
3.333333 0.5832          
3.350000 0.5762          
3.366667 0.5694          
3.383333 0.5627          
3.400000 0.5561          
3.416667 0.5496          
3.433333 0.5432          
3.450000 0.5369          
3.466667 0.5307          
3.483333 0.5247          
3.500000 0.5187          
3.516667 0.5128          
3.533333 0.5070          
3.550000 0.5013          
3.566667 0.4956          
3.583333 0.4901          
3.600000 0.4847          
3.616667 0.4793          
3.633333 0.4740          
3.650000 0.4688          
3.666667 0.4637          
3.683333 0.4587          
3.700000 0.4537          
3.716667 0.4488          
3.733333 0.4440          
3.750000 0.4393          
3.766667 0.4346          
3.783333 0.4300          
3.800000 0.4255          
3.816667 0.4210          
3.833333 0.4166          
3.850000 0.4123          
3.866667 0.4080          
3.883333 0.4038          
3.900000 0.3996          
3.916667 0.3955          
3.933333 0.3915          
3.950000 0.3875          
3.966667 0.3836          
3.983333 0.3797          
