0.016667 55.7030         
0.033333 588.6385        
0.050000 1289.4388       
0.066667 1920.4664       
0.083333 2419.5317       
0.100000 2792.4294       
0.116667 3063.6265       
0.133333 3258.4346       
0.150000 3397.6965       
0.166667 3497.1609       
0.183333 2469.3887       
0.200000 1706.3489       
0.216667 1255.1158       
0.233333 961.3829        
0.250000 758.5973        
0.266667 612.5553        
0.283333 503.9071        
0.300000 420.9501        
0.316667 356.2399        
0.333333 304.8468        
0.350000 263.3978        
0.366667 229.5202        
0.383333 201.5057        
0.400000 178.0990        
0.416667 158.3612        
0.433333 141.5789        
0.450000 127.2023        
0.466667 114.8027        
0.483333 104.0417        
0.500000 94.6495         
0.516667 86.4088         
0.533333 79.1434         
0.550000 72.7092         
0.566667 66.9872         
0.583333 61.8788         
0.600000 57.3016         
0.616667 53.1864         
0.633333 49.4747         
0.650000 46.1168         
0.666667 43.0705         
0.683333 40.2994         
0.700000 37.7723         
0.716667 35.4621         
0.733333 33.3455         
0.750000 31.4020         
0.766667 29.6138         
0.783333 27.9653         
0.800000 26.4427         
0.816667 25.0339         
0.833333 23.7281         
0.850000 22.5159         
0.866667 21.3889         
0.883333 20.3393         
0.900000 19.3606         
0.916667 18.4467         
0.933333 17.5921         
0.950000 16.7920         
0.966667 16.0421         
0.983333 15.3382         
1.000000 14.6769         
1.016667 14.0549         
1.033333 13.4692         
1.050000 12.9171         
1.066667 12.3963         
1.083333 11.9044         
1.100000 11.4394         
1.116667 10.9995         
1.133333 10.5829         
1.150000 10.1882         
1.166667 9.8137          
1.183333 9.4583          
1.200000 9.1206          
1.216667 8.7996          
1.233333 8.4942          
1.250000 8.2034          
1.266667 7.9264          
1.283333 7.6623          
1.300000 7.4104          
1.316667 7.1700          
1.333333 6.9403          
1.350000 6.7208          
1.366667 6.5109          
1.383333 6.3101          
1.400000 6.1178          
1.416667 5.9337          
1.433333 5.7572          
1.450000 5.5880          
1.466667 5.4257          
1.483333 5.2699          
1.500000 5.1203          
1.516667 4.9766          
1.533333 4.8385          
1.550000 4.7056          
1.566667 4.5779          
1.583333 4.4549          
1.600000 4.3365          
1.616667 4.2225          
1.633333 4.1126          
1.650000 4.0067          
1.666667 3.9046          
1.683333 3.8061          
1.700000 3.7110          
1.716667 3.6192          
1.733333 3.5306          
1.750000 3.4450          
1.766667 3.3623          
1.783333 3.2823          
1.800000 3.2049          
1.816667 3.1301          
1.833333 3.0577          
1.850000 2.9877          
1.866667 2.9198          
1.883333 2.8541          
1.900000 2.7905          
1.916667 2.7288          
1.933333 2.6690          
1.950000 2.6110          
1.966667 2.5548          
1.983333 2.5003          
2.000000 2.4473          
2.016667 2.3960          
2.033333 2.3461          
2.050000 2.2977          
2.066667 2.2506          
2.083333 2.2049          
2.100000 2.1605          
2.116667 2.1173          
2.133333 2.0754          
2.150000 2.0346          
2.166667 1.9949          
2.183333 1.9562          
2.200000 1.9186          
2.216667 1.8821          
2.233333 1.8464          
2.250000 1.8118          
2.266667 1.7780          
2.283333 1.7451          
2.300000 1.7131          
2.316667 1.6818          
2.333333 1.6514          
2.350000 1.6217          
2.366667 1.5928          
2.383333 1.5646          
2.400000 1.5370          
2.416667 1.5102          
2.433333 1.4840          
2.450000 1.4584          
2.466667 1.4335          
2.483333 1.4091          
2.500000 1.3853          
2.516667 1.3621          
2.533333 1.3394          
2.550000 1.3173          
2.566667 1.2956          
2.583333 1.2745          
2.600000 1.2538          
2.616667 1.2336          
2.633333 1.2139          
2.650000 1.1945          
2.666667 1.1757          
2.683333 1.1572          
2.700000 1.1391          
2.716667 1.1214          
2.733333 1.1042          
2.750000 1.0872          
2.766667 1.0707          
2.783333 1.0545          
2.800000 1.0386          
2.816667 1.0231          
2.833333 1.0079          
2.850000 0.9930          
2.866667 0.9784          
2.883333 0.9641          
2.900000 0.9501          
2.916667 0.9364          
2.933333 0.9229          
2.950000 0.9097          
2.966667 0.8968          
2.983333 0.8842          
3.000000 0.8718          
3.016667 0.8596          
3.033333 0.8477          
3.050000 0.8360          
3.066667 0.8245          
3.083333 0.8132          
3.100000 0.8022          
3.116667 0.7914          
3.133333 0.7807          
3.150000 0.7703          
3.166667 0.7601          
3.183333 0.7500          
3.200000 0.7402          
3.216667 0.7305          
3.233333 0.7210          
3.250000 0.7117          
3.266667 0.7025          
3.283333 0.6935          
3.300000 0.6847          
3.316667 0.6760          
3.333333 0.6674          
3.350000 0.6591          
3.366667 0.6508          
3.383333 0.6427          
3.400000 0.6348          
3.416667 0.6270          
3.433333 0.6193          
3.450000 0.6118          
3.466667 0.6043          
3.483333 0.5970          
3.500000 0.5899          
3.516667 0.5828          
3.533333 0.5759          
3.550000 0.5691          
3.566667 0.5624          
3.583333 0.5558          
3.600000 0.5493          
3.616667 0.5429          
3.633333 0.5366          
3.650000 0.5304          
3.666667 0.5244          
3.683333 0.5184          
3.700000 0.5125          
3.716667 0.5067          
3.733333 0.5010          
3.750000 0.4954          
3.766667 0.4899          
3.783333 0.4844          
3.800000 0.4791          
3.816667 0.4738          
3.833333 0.4686          
3.850000 0.4635          
3.866667 0.4585          
3.883333 0.4535          
3.900000 0.4486          
3.916667 0.4438          
3.933333 0.4391          
3.950000 0.4344          
3.966667 0.4298          
3.983333 0.4253          
