0.016667 0.0000          
0.033333 57.8995         
0.050000 277.4240        
0.066667 552.0229        
0.083333 814.0224        
0.100000 1040.4720       
0.116667 1226.5756       
0.133333 1375.2751       
0.150000 1492.2020       
0.166667 1583.3298       
0.183333 1654.0222       
0.200000 1708.7488       
0.216667 1751.0951       
0.233333 1783.8773       
0.250000 1809.2819       
0.266667 1828.9966       
0.283333 1844.3197       
0.300000 1856.2493       
0.316667 1865.5524       
0.333333 1872.8196       
0.350000 1878.5055       
0.366667 1882.9612       
0.383333 1886.4581       
0.400000 1889.2064       
0.416667 1891.3694       
0.433333 1893.0737       
0.450000 1898.9479       
0.466667 1910.6753       
0.483333 1926.5957       
0.500000 1945.3783       
0.516667 1459.7762       
0.533333 1069.9597       
0.550000 824.2763        
0.566667 656.4488        
0.583333 534.7773        
0.600000 443.4163        
0.616667 373.0479        
0.633333 317.7131        
0.650000 273.4395        
0.666667 237.4892        
0.683333 207.9221        
0.700000 183.3315        
0.716667 162.6767        
0.733333 145.1742        
0.750000 130.2249        
0.766667 117.3648        
0.783333 106.2296        
0.800000 96.5306         
0.816667 88.0363         
0.833333 80.5596         
0.850000 73.9481         
0.866667 68.0763         
0.883333 62.8405         
0.900000 58.1545         
0.916667 53.9458         
0.933333 50.1534         
0.950000 46.7255         
0.966667 43.6181         
0.983333 40.7937         
1.000000 38.2197         
1.016667 35.8682         
1.033333 33.7150         
1.050000 31.7391         
1.066667 29.9220         
1.083333 28.2478         
1.100000 26.7021         
1.116667 25.2726         
1.133333 23.9482         
1.150000 22.7192         
1.166667 21.5770         
1.183333 20.5137         
1.200000 19.5225         
1.216667 18.5972         
1.233333 17.7323         
1.250000 16.9227         
1.266667 16.1641         
1.283333 15.4523         
1.300000 14.7837         
1.316667 14.1550         
1.333333 13.5631         
1.350000 13.0054         
1.366667 12.4792         
1.383333 11.9825         
1.400000 11.5130         
1.416667 11.0690         
1.433333 10.6485         
1.450000 10.2501         
1.466667 9.8723          
1.483333 9.5138          
1.500000 9.1732          
1.516667 8.8495          
1.533333 8.5415          
1.550000 8.2484          
1.566667 7.9692          
1.583333 7.7030          
1.600000 7.4491          
1.616667 7.2068          
1.633333 6.9754          
1.650000 6.7543          
1.666667 6.5429          
1.683333 6.3407          
1.700000 6.1470          
1.716667 5.9616          
1.733333 5.7839          
1.750000 5.6136          
1.766667 5.4502          
1.783333 5.2934          
1.800000 5.1428          
1.816667 4.9982          
1.833333 4.8592          
1.850000 4.7255          
1.866667 4.5970          
1.883333 4.4733          
1.900000 4.3542          
1.916667 4.2395          
1.933333 4.1290          
1.950000 4.0224          
1.966667 3.9197          
1.983333 3.8207          
2.000000 3.7251          
2.016667 3.6328          
2.033333 3.5437          
2.050000 3.4576          
2.066667 3.3744          
2.083333 3.2940          
2.100000 3.2163          
2.116667 3.1411          
2.133333 3.0683          
2.150000 2.9979          
2.166667 2.9297          
2.183333 2.8637          
2.200000 2.7997          
2.216667 2.7378          
2.233333 2.6777          
2.250000 2.6195          
2.266667 2.5630          
2.283333 2.5082          
2.300000 2.4550          
2.316667 2.4034          
2.333333 2.3533          
2.350000 2.3047          
2.366667 2.2574          
2.383333 2.2115          
2.400000 2.1669          
2.416667 2.1236          
2.433333 2.0814          
2.450000 2.0404          
2.466667 2.0006          
2.483333 1.9618          
2.500000 1.9240          
2.516667 1.8873          
2.533333 1.8516          
2.550000 1.8167          
2.566667 1.7828          
2.583333 1.7498          
2.600000 1.7176          
2.616667 1.6863          
2.633333 1.6557          
2.650000 1.6259          
2.666667 1.5969          
2.683333 1.5686          
2.700000 1.5410          
2.716667 1.5140          
2.733333 1.4877          
2.750000 1.4621          
2.766667 1.4370          
2.783333 1.4126          
2.800000 1.3887          
2.816667 1.3654          
2.833333 1.3427          
2.850000 1.3204          
2.866667 1.2987          
2.883333 1.2775          
2.900000 1.2567          
2.916667 1.2365          
2.933333 1.2166          
2.950000 1.1973          
2.966667 1.1783          
2.983333 1.1598          
3.000000 1.1417          
3.016667 1.1239          
3.033333 1.1066          
3.050000 1.0896          
3.066667 1.0730          
3.083333 1.0567          
3.100000 1.0408          
3.116667 1.0252          
3.133333 1.0100          
3.150000 0.9951          
3.166667 0.9804          
3.183333 0.9661          
3.200000 0.9520          
3.216667 0.9383          
3.233333 0.9248          
3.250000 0.9116          
3.266667 0.8986          
3.283333 0.8859          
3.300000 0.8735          
3.316667 0.8613          
3.333333 0.8493          
3.350000 0.8376          
3.366667 0.8261          
3.383333 0.8148          
3.400000 0.8037          
3.416667 0.7929          
3.433333 0.7822          
3.450000 0.7718          
3.466667 0.7615          
3.483333 0.7514          
3.500000 0.7415          
3.516667 0.7318          
3.533333 0.7223          
3.550000 0.7130          
3.566667 0.7038          
3.583333 0.6947          
3.600000 0.6859          
3.616667 0.6772          
3.633333 0.6686          
3.650000 0.6602          
3.666667 0.6520          
3.683333 0.6439          
3.700000 0.6359          
3.716667 0.6281          
3.733333 0.6204          
3.750000 0.6128          
3.766667 0.6054          
3.783333 0.5981          
3.800000 0.5909          
3.816667 0.5838          
3.833333 0.5769          
3.850000 0.5700          
3.866667 0.5633          
3.883333 0.5567          
3.900000 0.5502          
3.916667 0.5438          
3.933333 0.5375          
3.950000 0.5313          
3.966667 0.5252          
3.983333 0.5192          
