0.016667 0.0000          
0.033333 0.0000          
0.050000 0.0000          
0.066667 0.0000          
0.083333 0.0000          
0.100000 0.0000          
0.116667 0.0000          
0.133333 0.0000          
0.150000 0.0000          
0.166667 0.0000          
0.183333 0.0000          
0.200000 0.0000          
0.216667 0.0000          
0.233333 0.0000          
0.250000 0.0000          
0.266667 0.0000          
0.283333 0.0000          
0.300000 0.0000          
0.316667 0.0000          
0.333333 0.0000          
0.350000 0.0000          
0.366667 0.0000          
0.383333 2.5333          
0.400000 8.1663          
0.416667 15.8192         
0.433333 24.4605         
0.450000 33.9340         
0.466667 43.6073         
0.483333 53.6576         
0.500000 63.4908         
0.516667 73.4950         
0.533333 83.0510         
0.550000 92.7231         
0.566667 101.8260        
0.583333 111.0871        
0.600000 119.7206        
0.616667 128.6197        
0.633333 136.8642        
0.650000 145.5308        
0.666667 153.5268        
0.683333 162.1461        
0.700000 170.0762        
0.716667 178.8823        
0.733333 186.9683        
0.750000 196.2536        
0.766667 204.7672        
0.783333 214.9102        
0.800000 224.2001        
0.816667 235.7246        
0.833333 246.2711        
0.850000 259.9622        
0.866667 272.4857        
0.883333 289.6437        
0.900000 305.3403        
0.916667 328.4063        
0.933333 349.5332        
0.950000 384.0110        
0.966667 415.7031        
0.983333 478.8774        
1.000000 537.5383        
1.016667 954.7036        
1.033333 1373.2653       
1.050000 1701.3888       
1.066667 1949.1206       
1.083333 1654.1421       
1.100000 1395.9545       
1.116667 1184.3811       
1.133333 1033.1954       
1.150000 905.4320        
1.166667 809.4205        
1.183333 726.0157        
1.200000 661.0893        
1.216667 603.3494        
1.233333 557.2274        
1.250000 515.3979        
1.266667 481.3217        
1.283333 449.9013        
1.300000 423.9060        
1.316667 399.5955        
1.333333 379.2303        
1.350000 359.9510        
1.366667 343.6341        
1.383333 328.0220        
1.400000 314.6951        
1.416667 301.8242        
1.433333 290.7570        
1.450000 279.9799        
1.466667 270.6553        
1.483333 261.5084        
1.500000 253.5514        
1.516667 245.6949        
1.533333 238.8282        
1.550000 232.0085        
1.566667 226.0231        
1.583333 220.0476        
1.600000 214.7838        
1.616667 209.5038        
1.633333 204.8374        
1.650000 200.1368        
1.666667 195.9701        
1.683333 191.7568        
1.700000 188.0121        
1.716667 184.2123        
1.733333 180.8269        
1.750000 177.3810        
1.766667 174.3040        
1.783333 171.1631        
1.800000 168.3528        
1.816667 165.4766        
1.833333 162.8984        
1.850000 160.2536        
1.866667 157.8785        
1.883333 155.4370        
1.900000 153.2409        
1.916667 150.9789        
1.933333 148.9412        
1.950000 146.8387        
1.966667 144.9420        
1.983333 142.9818        
2.000000 141.2111        
2.016667 139.3784        
2.033333 137.7208        
2.050000 123.7159        
2.066667 109.8285        
2.083333 98.3227         
2.100000 88.6104         
2.116667 80.3040         
2.133333 73.1270         
2.150000 66.8738         
2.166667 61.3866         
2.183333 56.5417         
2.200000 52.2404         
2.216667 48.4030         
2.233333 44.9644         
2.250000 41.8706         
2.266667 39.0768         
2.283333 36.5454         
2.300000 34.2445         
2.316667 32.1470         
2.333333 30.2297         
2.350000 28.4727         
2.366667 26.8587         
2.383333 25.3727         
2.400000 24.0018         
2.416667 22.7344         
2.433333 21.5605         
2.450000 20.4712         
2.466667 19.4588         
2.483333 18.5163         
2.500000 17.6374         
2.516667 16.8167         
2.533333 16.0493         
2.550000 15.3307         
2.566667 14.6570         
2.583333 14.0245         
2.600000 13.4300         
2.616667 12.8706         
2.633333 12.3437         
2.650000 11.8468         
2.666667 11.3778         
2.683333 10.9346         
2.700000 10.5155         
2.716667 10.1187         
2.733333 9.7427          
2.750000 9.3862          
2.766667 9.0479          
2.783333 8.7265          
2.800000 8.4210          
2.816667 8.1304          
2.833333 7.8538          
2.850000 7.5902          
2.866667 7.3390          
2.883333 7.0993          
2.900000 6.8705          
2.916667 6.6520          
2.933333 6.4431          
2.950000 6.2434          
2.966667 6.0522          
2.983333 5.8693          
3.000000 5.6940          
3.016667 5.5260          
3.033333 5.3649          
3.050000 5.2103          
3.066667 5.0619          
3.083333 4.9194          
3.100000 4.7825          
3.116667 4.6509          
3.133333 4.5243          
3.150000 4.4025          
3.166667 4.2853          
3.183333 4.1724          
3.200000 4.0637          
3.216667 3.9589          
3.233333 3.8578          
3.250000 3.7604          
3.266667 3.6663          
3.283333 3.5756          
3.300000 3.4880          
3.316667 3.4033          
3.333333 3.3215          
3.350000 3.2425          
3.366667 3.1661          
3.383333 3.0921          
3.400000 3.0206          
3.416667 2.9514          
3.433333 2.8844          
3.450000 2.8195          
3.466667 2.7566          
3.483333 2.6957          
3.500000 2.6367          
3.516667 2.5794          
3.533333 2.5239          
3.550000 2.4701          
3.566667 2.4178          
3.583333 2.3671          
3.600000 2.3179          
3.616667 2.2701          
3.633333 2.2237          
3.650000 2.1785          
3.666667 2.1347          
3.683333 2.0921          
3.700000 2.0507          
3.716667 2.0104          
3.733333 1.9712          
3.750000 1.9331          
3.766667 1.8960          
3.783333 1.8599          
3.800000 1.8248          
3.816667 1.7906          
3.833333 1.7572          
3.850000 1.7248          
3.866667 1.6931          
3.883333 1.6623          
3.900000 1.6323          
3.916667 1.6030          
3.933333 1.5745          
3.950000 1.5466          
3.966667 1.5195          
3.983333 1.4930          
