0.01667	0.00000	0.00000
0.03333	0.00000	0.00000
0.05000	0.00000	0.00000
0.06667	0.00000	0.00000
0.08333	0.00000	0.00000
0.10000	0.00000	0.00000
0.11667	0.00000	0.00000
0.13333	0.00000	0.00000
0.15000	0.00000	0.00000
0.16667	0.00000	0.00000
0.18333	0.00000	0.00000
0.20000	0.00000	0.00000
0.21667	0.00000	0.00000
0.23333	0.00000	0.00000
0.25000	0.00000	0.00000
0.26667	0.00000	0.00000
0.28333	0.00000	0.00000
0.30000	0.00000	0.00000
0.31667	0.00000	0.00000
0.33333	0.00000	0.00000
0.35000	0.00000	0.00000
0.36667	0.00000	0.00000
0.38333	0.00840	0.00840
0.40000	0.12100	0.12100
0.41667	0.30450	0.30450
0.43333	0.55270	0.55270
0.45000	1.62510	1.62510
0.46667	4.46710	4.46710
0.48333	7.61820	7.61820
0.50000	10.45300	10.45300
0.51667	14.17060	14.17060
0.53333	18.33630	18.33630
0.55000	23.82290	23.82290
0.56667	30.04920	30.04920
0.58333	36.10520	36.10520
0.60000	42.07700	42.07700
0.61667	47.40070	47.40070
0.63333	51.89890	51.89890
0.65000	55.93710	55.93710
0.66667	59.68590	59.68590
0.68333	63.11330	63.11330
0.70000	66.37380	66.37380
0.71667	69.49620	69.49620
0.73333	72.66210	72.66210
0.75000	75.75370	75.75370
0.76667	78.96050	78.96050
0.78333	82.20450	82.20450
0.80000	85.62290	85.62290
0.81667	89.24600	89.24600
0.83333	93.13310	93.13310
0.85000	97.24760	97.24760
0.86667	101.82600	101.82600
0.88333	106.84230	106.84230
0.90000	112.64470	112.64470
0.91667	119.13860	119.13860
0.93333	126.93560	126.93560
0.95000	136.16870	136.16870
0.96667	147.69460	147.69460
0.98333	162.87030	157.89000
1.00000	183.86810	157.89000
1.01667	247.95210	157.89000
1.03333	376.49480	157.89000
1.05000	536.56830	157.89000
1.06667	681.27200	157.89000
1.08333	729.40340	157.89000
1.10000	659.54520	157.89000
1.11667	559.04440	157.89000
1.13333	465.57320	157.89000
1.15000	394.95380	157.89000
1.16667	339.26470	157.89000
1.18333	295.95580	157.89000
1.20000	261.85380	157.89000
1.21667	234.69660	157.89000
1.23333	212.51200	157.89000
1.25000	194.43160	157.89000
1.26667	179.22040	157.89000
1.28333	166.45850	157.89000
1.30000	155.43690	155.43690
1.31667	146.07260	146.07260
1.33333	137.79520	137.79520
1.35000	130.62160	130.62160
1.36667	124.17230	124.17230
1.38333	118.55070	118.55070
1.40000	113.44200	113.44200
1.41667	108.88510	108.88510
1.43333	104.73580	104.73580
1.45000	100.98630	100.98630
1.46667	97.50940	97.50940
1.48333	94.39630	94.39630
1.50000	91.44430	91.44430
1.51667	88.75930	88.75930
1.53333	86.26060	86.26060
1.55000	83.95010	83.95010
1.56667	81.76380	81.76380
1.58333	79.75800	79.75800
1.60000	77.84360	77.84360
1.61667	76.06400	76.06400
1.63333	74.36660	74.36660
1.65000	72.78220	72.78220
1.66667	71.26540	71.26540
1.68333	69.85000	69.85000
1.70000	68.49520	68.49520
1.71667	67.21980	67.21980
1.73333	65.97480	65.97480
1.75000	64.82000	64.82000
1.76667	63.70290	63.70290
1.78333	62.63000	62.63000
1.80000	61.60070	61.60070
1.81667	60.62520	60.62520
1.83333	59.67750	59.67750
1.85000	58.77670	58.77670
1.86667	57.90060	57.90060
1.88333	57.06680	57.06680
1.90000	56.25470	56.25470
1.91667	55.48290	55.48290
1.93333	54.73050	54.73050
1.95000	54.01100	54.01100
1.96667	53.30880	53.30880
1.98333	52.63450	52.63450
2.00000	51.97420	51.97420
2.01667	51.34970	51.34970
2.03333	50.73050	50.73050
2.05000	49.40220	49.40220
2.06667	46.28180	46.28180
2.08333	42.56860	42.56860
2.10000	38.71920	38.71920
2.11667	34.90140	34.90140
2.13333	31.33900	31.33900
2.15000	28.12960	28.12960
2.16667	25.31140	25.31140
2.18333	22.82260	22.82260
2.20000	20.57130	20.57130
2.21667	18.61960	18.61960
2.23333	16.93670	16.93670
2.25000	15.44760	15.44760
2.26667	14.15620	14.15620
2.28333	12.98830	12.98830
2.30000	11.98900	11.98900
2.31667	11.05380	11.05380
2.33333	10.26170	10.26170
2.35000	9.54100	9.54100
2.36667	8.86370	8.86370
2.38333	8.23260	8.23260
2.40000	7.64920	7.64920
2.41667	7.12210	7.12210
2.43333	6.74500	6.74500
2.45000	6.39680	6.39680
2.46667	6.05380	6.05380
2.48333	5.72970	5.72970
2.50000	5.44160	5.44160
2.51667	5.16200	5.16200
2.53333	4.89360	4.89360
2.55000	4.62470	4.62470
2.56667	4.38170	4.38170
2.58333	4.15580	4.15580
2.60000	3.94550	3.94550
2.61667	3.74700	3.74700
2.63333	3.55980	3.55980
2.65000	3.38540	3.38540
2.66667	3.22260	3.22260
2.68333	3.07050	3.07050
2.70000	2.92950	2.92950
2.71667	2.80060	2.80060
2.73333	2.67510	2.67510
2.75000	2.55740	2.55740
2.76667	2.44850	2.44850
2.78333	2.34940	2.34940
2.80000	2.25940	2.25940
2.81667	2.17340	2.17340
2.83333	2.09110	2.09110
2.85000	2.01260	2.01260
2.86667	1.93770	1.93770
2.88333	1.86610	1.86610
2.90000	1.79670	1.79670
2.91667	1.72330	1.72330
2.93333	1.65850	1.65850
2.95000	1.59690	1.59690
2.96667	1.53840	1.53840
2.98333	1.47360	1.47360
3.00000	1.41440	1.41440
3.01667	1.36110	1.36110
3.03333	1.31230	1.31230
3.05000	1.26700	1.26700
3.06667	1.22460	1.22460
3.08333	1.18460	1.18460
3.10000	1.14680	1.14680
3.11667	1.11090	1.11090
3.13333	1.07680	1.07680
3.15000	1.04420	1.04420
3.16667	1.01310	1.01310
3.18333	0.98330	0.98330
3.20000	0.95470	0.95470
3.21667	0.92740	0.92740
3.23333	0.90110	0.90110
3.25000	0.87590	0.87590
3.26667	0.85160	0.85160
3.28333	0.82900	0.82900
3.30000	0.80680	0.80680
3.31667	0.78530	0.78530
3.33333	0.76470	0.76470
3.35000	0.74480	0.74480
3.36667	0.72570	0.72570
3.38333	0.70780	0.70780
3.40000	0.69100	0.69100
3.41667	0.67440	0.67440
3.43333	0.65820	0.65820
3.45000	0.64250	0.64250
3.46667	0.62730	0.62730
3.48333	0.61250	0.61250
3.50000	0.59820	0.59820
3.51667	0.58430	0.58430
3.53333	0.57080	0.57080
3.55000	0.55770	0.55770
3.56667	0.54500	0.54500
3.58333	0.53270	0.53270
3.60000	0.52070	0.52070
3.61667	0.50910	0.50910
3.63333	0.49820	0.49820
3.65000	0.48740	0.48740
3.66667	0.47690	0.47690
3.68333	0.46670	0.46670
3.70000	0.45670	0.45670
3.71667	0.44710	0.44710
3.73333	0.43780	0.43780
3.75000	0.42880	0.42880
3.76667	0.41990	0.41990
3.78333	0.41160	0.41160
3.80000	0.40370	0.40370
3.81667	0.39590	0.39590
3.83333	0.38820	0.38820
3.85000	0.38080	0.38080
3.86667	0.37340	0.37340
3.88333	0.36630	0.36630
3.90000	0.35920	0.35920
3.91667	0.35240	0.35240
3.93333	0.34570	0.34570
3.95000	0.33920	0.33920
3.96667	0.33280	0.33280
3.98333	0.32660	0.32660