0.01667 	0        	0.00000
0.03333 	0        	0.00000
0.05000 	0        	0.00000
0.06667 	0        	0.00000
0.08333 	0        	0.00000
0.10000 	0        	0.00000
0.11667 	0        	0.00000
0.13333 	0        	0.00000
0.15000 	0        	0.00000
0.16667 	0        	0.00000
0.18333 	0        	0.00000
0.20000 	0        	0.00000
0.21667 	0        	0.00000
0.23333 	0        	0.00000
0.25000 	0        	0.00000
0.26667 	0        	0.00000
0.28333 	0        	0.00000
0.30000 	0        	0.00000
0.31667 	0        	0.00000
0.33333 	0        	0.00000
0.35000 	0        	0.00000
0.36667 	0        	0.00000
0.38333 	0.0135   	0.01350
0.40000 	0.0538   	0.05380
0.41667 	0.2699   	0.26990
0.43333 	0.7302   	0.73020
0.45000 	1.7348   	1.73480
0.46667 	3.385    	3.38500
0.48333 	5.404    	5.40400
0.50000 	7.6084   	7.60840
0.51667 	10.5503  	10.55030
0.53333 	13.0655  	13.06550
0.55000 	15.9681  	15.96810
0.56667 	18.7845  	18.78450
0.58333 	21.8509  	21.85090
0.60000 	24.823   	24.82300
0.61667 	27.8068  	27.80680
0.63333 	30.6803  	30.68030
0.65000 	35.0965  	35.09650
0.66667 	41.2049  	41.20490
0.68333 	48.228   	48.22800
0.70000 	54.5688  	54.56880
0.71667 	60.4271  	60.42710
0.73333 	65.726   	65.72600
0.75000 	70.705   	70.70500
0.76667 	75.7239  	75.72390
0.78333 	80.5924  	80.59240
0.80000 	85.4704  	85.47040
0.81667 	90.5683  	90.56830
0.83333 	95.8386  	95.83860
0.85000 	101.2636 	101.26360
0.86667 	107.1226 	107.12260
0.88333 	113.3079 	113.30790
0.90000 	120.2059 	120.20590
0.91667 	127.6503 	127.65030
0.93333 	136.2625 	136.26250
0.95000 	145.873  	145.87300
0.96667 	157.8822 	147.66400
0.98333 	172.456  	147.66400
1.00000 	192.2308 	147.66400
1.01667 	243.0693 	147.66400
1.03333 	346.9543 	147.66400
1.05000 	462.0577 	147.66400
1.06667 	590.9199 	147.66400
1.08333 	670.0452 	147.66400
1.10000 	680.9344 	147.66400
1.11667 	668.8665 	147.66400
1.13333 	627.6074 	147.66400
1.15000 	571.4688 	147.66400
1.16667 	514.9968 	147.66400
1.18333 	465.1295 	147.66400
1.20000 	422.339  	147.66400
1.21667 	386.0277 	147.66400
1.23333 	354.5225 	147.66400
1.25000 	327.0511 	147.66400
1.26667 	303.0614 	147.66400
1.28333 	282.3822 	147.66400
1.30000 	263.9715 	147.66400
1.31667 	247.6134 	147.66400
1.33333 	233.0746 	147.66400
1.35000 	220.2131 	147.66400
1.36667 	208.5025 	147.66400
1.38333 	198.0727 	147.66400
1.40000 	188.5041 	147.66400
1.41667 	179.8673 	147.66400
1.43333 	171.942  	147.66400
1.45000 	164.903  	147.66400
1.46667 	158.315  	147.66400
1.48333 	152.2561 	147.66400
1.50000 	146.6774 	146.67740
1.51667 	141.6514 	141.65140
1.53333 	136.8541 	136.85410
1.55000 	132.3919 	132.39190
1.56667 	128.2695 	128.26950
1.58333 	124.5044 	124.50440
1.60000 	120.998  	120.99800
1.61667 	117.6728 	117.67280
1.63333 	114.4979 	114.49790
1.65000 	111.5559 	111.55590
1.66667 	108.7586 	108.75860
1.68333 	106.1412 	106.14120
1.70000 	103.6522 	103.65220
1.71667 	101.3593 	101.35930
1.73333 	99.1254  	99.12540
1.75000 	97.0561  	97.05610
1.76667 	95.0594  	95.05940
1.78333 	93.1679  	93.16790
1.80000 	91.3513  	91.35130
1.81667 	89.6328  	89.63280
1.83333 	87.9809  	87.98090
1.85000 	86.4163  	86.41630
1.86667 	84.9148  	84.91480
1.88333 	83.5079  	83.50790
1.90000 	82.1113  	82.11130
1.91667 	80.8022  	80.80220
1.93333 	79.5356  	79.53560
1.95000 	78.3308  	78.33080
1.96667 	77.1513  	77.15130
1.98333 	75.9839  	75.98390
2.00000 	74.875   	74.87500
2.01667 	73.8484  	73.84840
2.03333 	72.8555  	72.85550
2.05000 	71.3176  	71.31760
2.06667 	68.1115  	68.11150
2.08333 	64.4522  	64.45220
2.10000 	60.7138  	60.71380
2.11667 	56.9557  	56.95570
2.13333 	53.4123  	53.41230
2.15000 	50.1305  	50.13050
2.16667 	47.0734  	47.07340
2.18333 	44.1517  	44.15170
2.20000 	41.3542  	41.35420
2.21667 	38.8145  	38.81450
2.23333 	36.3411  	36.34110
2.25000 	34.0942  	34.09420
2.26667 	32.0279  	32.02790
2.28333 	30.0922  	30.09220
2.30000 	28.3625  	28.36250
2.31667 	26.738   	26.73800
2.33333 	25.2413  	25.24130
2.35000 	23.8005  	23.80050
2.36667 	22.5186  	22.51860
2.38333 	21.3298  	21.32980
2.40000 	20.2332  	20.23320
2.41667 	19.2417  	19.24170
2.43333 	18.2955  	18.29550
2.45000 	17.4109  	17.41090
2.46667 	16.5838  	16.58380
2.48333 	15.8112  	15.81120
2.50000 	15.0869  	15.08690
2.51667 	14.433   	14.43300
2.53333 	13.759   	13.75900
2.55000 	13.1601  	13.16010
2.56667 	12.5933  	12.59330
2.58333 	12.0919  	12.09190
2.60000 	11.5968  	11.59680
2.61667 	11.1084  	11.10840
2.63333 	10.639   	10.63900
2.65000 	10.2126  	10.21260
2.66667 	9.8183   	9.81830
2.68333 	9.4495   	9.44950
2.70000 	9.1025   	9.10250
2.71667 	8.7736   	8.77360
2.73333 	8.4598   	8.45980
2.75000 	8.1595   	8.15950
2.76667 	7.8734   	7.87340
2.78333 	7.6052   	7.60520
2.80000 	7.3487   	7.34870
2.81667 	7.1104   	7.11040
2.83333 	6.8805   	6.88050
2.85000 	6.6577   	6.65770
2.86667 	6.4482   	6.44820
2.88333 	6.243    	6.24300
2.90000 	6.0443   	6.04430
2.91667 	5.8529   	5.85290
2.93333 	5.669    	5.66900
2.95000 	5.4927   	5.49270
2.96667 	5.3237   	5.32370
2.98333 	5.1618   	5.16180
3.00000 	5.0067   	5.00670
3.01667 	4.8578   	4.85780
3.03333 	4.7117   	4.71170
3.05000 	4.5705   	4.57050
3.06667 	4.4354   	4.43540
3.08333 	4.3075   	4.30750
3.10000 	4.1865   	4.18650
3.11667 	4.0716   	4.07160
3.13333 	3.9616   	3.96160
3.15000 	3.8555   	3.85550
3.16667 	3.7532   	3.75320
3.18333 	3.6546   	3.65460
3.20000 	3.5596   	3.55960
3.21667 	3.4681   	3.46810
3.23333 	3.3799   	3.37990
3.25000 	3.2954   	3.29540
3.26667 	3.2148   	3.21480
3.28333 	3.137    	3.13700
3.30000 	3.0442   	3.04420
3.31667 	2.9618   	2.96180
3.33333 	2.8884   	2.88840
3.35000 	2.8199   	2.81990
3.36667 	2.756    	2.75600
3.38333 	2.6919   	2.69190
3.40000 	2.6298   	2.62980
3.41667 	2.5701   	2.57010
3.43333 	2.5123   	2.51230
3.45000 	2.4565   	2.45650
3.46667 	2.4025   	2.40250
3.48333 	2.3501   	2.35010
3.50000 	2.2993   	2.29930
3.51667 	2.25     	2.25000
3.53333 	2.2023   	2.20230
3.55000 	2.1559   	2.15590
3.56667 	2.1108   	2.11080
3.58333 	2.0671   	2.06710
3.60000 	2.0246   	2.02460
3.61667 	1.9834   	1.98340
3.63333 	1.9433   	1.94330
3.65000 	1.9043   	1.90430
3.66667 	1.8664   	1.86640
3.68333 	1.8296   	1.82960
3.70000 	1.7937   	1.79370
3.71667 	1.7588   	1.75880
3.73333 	1.7249   	1.72490
3.75000 	1.6919   	1.69190
3.76667 	1.6597   	1.65970
3.78333 	1.6284   	1.62840
3.80000 	1.598    	1.59800
3.81667 	1.5684   	1.56840
3.83333 	1.5397   	1.53970
3.85000 	1.5118   	1.51180
3.86667 	1.4846   	1.48460
3.88333 	1.458    	1.45800
3.90000 	1.4321   	1.43210
3.91667 	1.4068   	1.40680
3.93333 	1.3821   	1.38210
3.95000 	1.3579   	1.35790
3.96667 	1.3344   	1.33440
3.98333 	1.3114   	1.31140
