1.090000000000000036e+01 4.174296617838864354e-02 6.942935638334560289e-02 3.154080565230461819e-02
1.100000000000000000e+01 4.423914734255585818e-02 7.247732710668070011e-02 3.374081646932741013e-02
1.109999999999999964e+01 4.683483174203025706e-02 7.560676577800094778e-02 3.604683734436878173e-02
1.119999999999999929e+01 4.953114746217889691e-02 7.881764534176219361e-02 3.846083098148929402e-02
1.129999999999999893e+01 5.232910439877611758e-02 8.210986121819875694e-02 4.098462848086818766e-02
1.139999999999999858e+01 5.522959147456846241e-02 8.548323165858716377e-02 4.361992326794399133e-02
1.149999999999999822e+01 5.823337423848220368e-02 8.893749826068260422e-02 4.636826553125950046e-02
1.159999999999999787e+01 6.134109285068507778e-02 9.247232663954045584e-02 4.923105718855802504e-02
1.169999999999999751e+01 6.455326045471040941e-02 9.608730724853203897e-02 5.220954739707021897e-02
1.179999999999999716e+01 6.787026193591683132e-02 9.978195634499664735e-02 5.530482862033841984e-02
1.189999999999999680e+01 7.129235306369620384e-02 1.035557170946439648e-01 5.851783326037608007e-02
1.199999999999999645e+01 7.481966001307049918e-02 1.074079608085304061e-01 6.184933086048152034e-02
1.209999999999999609e+01 7.845217925964213801e-02 1.113379883061788866e-01 6.529992588064574555e-02
1.219999999999999574e+01 8.218977784028648481e-02 1.153450313981949776e-01 6.887005604423201977e-02
1.229999999999999538e+01 8.603219397050791695e-02 1.194282544815518793e-01 7.255999125148482332e-02
1.239999999999999503e+01 8.997903800802649343e-02 1.235867562405704029e-01 7.636983305246355935e-02
1.249999999999999467e+01 9.402979375092146430e-02 1.278195714465091837e-01 8.029951466920770553e-02
1.259999999999999432e+01 9.818382005753856223e-02 1.321256728486012166e-01 8.434880155433729931e-02
1.269999999999999396e+01 1.024403527743629333e-01 1.365039731493265796e-01 8.851729247088790942e-02
1.279999999999999361e+01 1.067985069571785461e-01 1.409533270566930285e-01 9.280442107597747237e-02
1.289999999999999325e+01 1.112572793700695173e-01 1.454725334063099729e-01 9.720945798891170164e-02
1.299999999999999289e+01 1.158155512461712666e-01 1.500603373460793477e-01 1.017315133225576151e-01
1.309999999999999254e+01 1.204720912935468985e-01 1.547154325763923921e-01 1.063695396552516298e-01
1.319999999999999218e+01 1.252255589291442761e-01 1.594364636388103662e-01 1.111223354191598345e-01
1.329999999999999183e+01 1.300745077234740088e-01 1.642220282463185133e-01 1.159885486798711285e-01
1.339999999999999147e+01 1.350173890384429587e-01 1.690706796483746888e-01 1.209666812810741565e-01
1.349999999999999112e+01 1.400525558406654492e-01 1.739809290241250139e-01 1.260550933274400542e-01
1.359999999999999076e+01 1.451782666725608406e-01 1.789512478973278864e-01 1.312520079783013882e-01
1.369999999999999041e+01 1.503926897636190807e-01 1.839800705667103131e-01 1.365555165243703406e-01
1.379999999999999005e+01 1.556939072643728494e-01 1.890657965456810086e-01 1.419635837195722672e-01
1.389999999999998970e+01 1.610799195858485799e-01 1.942067930055325353e-01 1.474740533400700770e-01
1.399999999999998934e+01 1.665486498275753346e-01 1.994013972164877524e-01 1.530846539427135888e-01
1.409999999999998899e+01 1.720979482776010816e-01 2.046479189811765687e-01 1.587930047954534130e-01
1.419999999999998863e+01 1.777255969683966819e-01 2.099446430553652265e-01 1.645966219526988628e-01
1.429999999999998828e+01 1.834293142730108184e-01 2.152898315510089478e-01 1.704929244491653895e-01
1.439999999999998792e+01 1.892067595263730584e-01 2.206817263169448817e-01 1.764792405864338276e-01
1.449999999999998757e+01 1.950555376572113975e-01 2.261185512927980645e-01 1.825528142872230308e-01
1.459999999999998721e+01 2.009732038166621160e-01 2.315985148319286979e-01 1.887108114932451730e-01
1.469999999999998685e+01 2.069572679902881573e-01 2.371198119895064627e-01 1.949503265834586496e-01
1.479999999999998650e+01 2.130051995808845133e-01 2.426806267720549026e-01 2.012683887905478142e-01
1.489999999999998614e+01 2.191144319501354965e-01 2.482791343450665711e-01 2.076619685945282068e-01
1.499999999999998579e+01 2.252823669078855007e-01 2.539135031955436772e-01 2.141279840734897078e-01
1.509999999999998543e+01 2.315063791384940339e-01 2.595818972465729346e-01 2.206633071926453471e-01
1.519999999999998508e+01 2.377838205544627603e-01 2.652824779212895057e-01 2.272647700140290605e-01
1.529999999999998472e+01 2.441120245682371348e-01 2.710134061538341244e-01 2.339291708103840572e-01
1.539999999999998437e+01 2.504883102738018619e-01 2.767728443451427656e-01 2.406532800679898332e-01
1.549999999999998401e+01 2.569099865303989816e-01 2.825589582616450657e-01 2.474338463643836195e-01
1.559999999999998366e+01 2.633743559413991298e-01 2.883699188751760456e-01 2.542676021081367033e-01
1.569999999999998330e+01 2.698787187220466066e-01 2.942039041426265933e-01 2.611512691290366339e-01
1.579999999999998295e+01 2.764203764504741256e-01 3.000591007240729358e-01 2.680815641082017198e-01
1.589999999999998259e+01 2.829966356970444186e-01 3.059337056383332198e-01 2.750552038388056064e-01
1.599999999999998224e+01 2.896048115277156665e-01 3.118259278550994384e-01 2.820689103092120509e-01
1.609999999999998010e+01 2.962422308777485358e-01 3.177339898229828985e-01 2.891194156014145200e-01
1.619999999999998153e+01 3.029062357926737281e-01 3.236561289329983326e-01 2.962034665987295923e-01
1.629999999999998295e+01 3.095941865340099408e-01 3.295905989171826755e-01 3.033178294977094680e-01
1.639999999999998082e+01 3.163034645477799112e-01 3.355356711822170546e-01 3.104592941202208856e-01
1.649999999999997868e+01 3.230314752943936885e-01 3.414896360780748097e-01 3.176246780225628341e-01
1.659999999999998010e+01 3.297756509389685453e-01 3.474508041018684046e-01 3.248108303993872403e-01
1.669999999999998153e+01 3.365334529016316689e-01 3.534175070372131411e-01 3.320146357810260795e-01
1.679999999999997939e+01 3.433023742677961954e-01 3.593880990295558187e-01 3.392330175236231704e-01
1.689999999999997726e+01 3.500799420588246447e-01 3.653609575980410473e-01 3.464629410922107633e-01
1.699999999999997868e+01 3.568637193638798388e-01 3.713344845846060505e-01 3.537014171375683080e-01
1.709999999999998010e+01 3.636513073341384183e-01 3.773071070410990435e-01 3.609455043683495457e-01
1.719999999999997797e+01 3.704403470408781929e-01 3.832772780553241332e-01 3.681923122205648657e-01
1.729999999999997584e+01 3.772285211992627563e-01 3.892434775169987815e-01 3.754390033270562643e-01
1.739999999999997726e+01 3.840135557599367311e-01 3.952042128246994745e-01 3.826827957901079436e-01
1.749999999999997868e+01 3.907932213708080194e-01 4.011580195349480626e-01 3.899209652607975585e-01
1.759999999999997655e+01 3.975653347116329117e-01 4.071034619546606836e-01 3.971508468291098937e-01
1.769999999999997442e+01 4.043277597042332916e-01 4.130391336782431311e-01 4.043698367292038465e-01
1.779999999999997584e+01 4.110784086013652416e-01 4.189636580706725955e-01 4.115753938645564936e-01
1.789999999999997726e+01 4.178152429574327198e-01 4.248756886979548342e-01 4.187650411579997289e-01
1.799999999999997513e+01 4.245362744843860225e-01 4.307739097063926215e-01 4.259363667319180369e-01
1.809999999999997300e+01 4.312395657962722617e-01 4.366570361521322496e-01 4.330870249240898473e-01
1.819999999999997442e+01 4.379232310460138278e-01 4.425238142824899357e-01 4.402147371448355551e-01
1.829999999999997584e+01 4.445854364580821283e-01 4.483730217705854670e-01 4.473172925812858858e-01
1.839999999999997371e+01 4.512244007608072760e-01 4.542034679048304602e-01 4.543925487547005315e-01
1.849999999999997158e+01 4.578383955221186352e-01 4.600139937348349806e-01 4.614384319368516341e-01
1.859999999999997300e+01 4.644257453925503265e-01 4.658034721753040452e-01 4.684529374315471451e-01
1.869999999999997442e+01 4.709848282593761537e-01 4.715708080695060200e-01 4.754341297274050082e-01
1.879999999999997229e+01 4.775140753157469664e-01 4.773149382138955343e-01 4.823801425279981014e-01
1.889999999999997016e+01 4.840119710487040816e-01 4.830348313454711495e-01 4.892891786654765540e-01
1.899999999999997158e+01 4.904770531499279551e-01 4.887294880934418551e-01 4.961595099037410250e-01
1.909999999999997300e+01 4.969079123530599773e-01 4.943979408967705269e-01 5.029894766371906245e-01
1.919999999999997087e+01 5.033031922014019610e-01 5.000392538891479388e-01 5.097774874910024900e-01
1.929999999999996874e+01 5.096615887497527586e-01 5.056525227529383715e-01 5.165220188288098813e-01
1.939999999999997016e+01 5.159818502040898203e-01 5.112368745436152162e-01 5.232216141735530623e-01
1.949999999999997158e+01 5.222627765027466618e-01 5.167914674861913138e-01 5.298748835471643881e-01
1.959999999999996945e+01 5.285032188426718180e-01 5.223154907451217355e-01 5.364805027346272182e-01
1.969999999999996732e+01 5.347020791542781426e-01 5.278081641691345638e-01 5.430372124778189979e-01
1.979999999999996874e+01 5.408583095283185926e-01 5.332687380124158105e-01 5.495438176044024070e-01
1.989999999999997016e+01 5.469709115981381542e-01 5.386964926335495729e-01 5.559991860968894750e-01
1.999999999999996803e+01 5.530389358805690714e-01 5.440907381735844428e-01 5.624022481068426949e-01
2.009999999999996589e+01 5.590614810786440625e-01 5.494508142145644314e-01 5.687519949190239510e-01
2.019999999999996732e+01 5.650376933492057274e-01 5.547760894198311421e-01 5.750474778701319956e-01
2.029999999999996874e+01 5.709667655384000895e-01 5.600659611573713947e-01 5.812878072266104423e-01
2.039999999999996660e+01 5.768479363879425170e-01 5.653198551074508638e-01 5.874721510258353874e-01
2.049999999999996447e+01 5.826804897149430174e-01 5.705372248557389891e-01 5.935997338848212346e-01
2.059999999999996589e+01 5.884637535679777542e-01 5.757175514730928922e-01 5.996698357804146617e-01
2.069999999999996732e+01 5.941970993619944963e-01 5.808603430831360548e-01 6.056817908047708032e-01
2.079999999999996518e+01 5.998799409945375638e-01 5.859651344187293276e-01 6.116349858997432998e-01
2.089999999999996305e+01 6.055117339456734804e-01 5.910314863683961972e-01 6.175288595736411201e-01
2.099999999999996447e+01 6.110919743639023904e-01 5.960589855137258253e-01 6.233629006036409681e-01
2.109999999999996589e+01 6.166201981402318344e-01 6.010472436587421807e-01 6.291366467269792206e-01
2.119999999999996376e+01 6.220959799725011008e-01 6.059958973521948344e-01 6.348496833238818082e-01
2.129999999999996163e+01 6.275189324219357934e-01 6.109046074036835750e-01 6.405016420950307987e-01
2.139999999999996305e+01 6.328887049638169948e-01 6.157730583944961422e-01 6.460921997362061298e-01
2.149999999999996447e+01 6.382049830340592589e-01 6.206009581840069567e-01 6.516210766125897225e-01
2.159999999999996234e+01 6.434674870733920748e-01 6.253880374124412000e-01 6.570880354350699948e-01
2.169999999999996021e+01 6.486759715707490770e-01 6.301340490007818484e-01 6.624928799407323599e-01
2.179999999999996163e+01 6.538302241073793430e-01 6.348387676485546249e-01 6.678354535795847369e-01
2.189999999999996305e+01 6.589300644031070853e-01 6.395019893301993053e-01 6.731156382094255486e-01
2.199999999999996092e+01 6.639753433660817716e-01 6.441235307906987284e-01 6.783333528006298963e-01
2.209999999999995879e+01 6.689659421472756717e-01 6.487032290411043345e-01 6.834885521524990404e-01
2.219999999999996021e+01 6.739017712009033323e-01 6.532409408545644114e-01 6.885812256226934158e-01
2.229999999999996163e+01 6.787827693518635463e-01 6.577365422634325887e-01 6.936113958711487282e-01
2.239999999999995950e+01 6.836089028712257765e-01 6.621899280580003655e-01 6.985791176197633234e-01
2.249999999999995737e+01 6.883801645607084962e-01 6.666010112873707039e-01 7.034844764290264507e-01
2.259999999999995879e+01 6.930965728470271925e-01 6.709697227629553007e-01 7.083275874926585614e-01
2.269999999999996021e+01 6.977581708869219357e-01 6.752960105650561706e-01 7.131085944512262076e-01
2.279999999999995808e+01 7.023650256836098116e-01 6.795798395529603075e-01 7.178276682256035102e-01
2.289999999999995595e+01 7.069172272153396719e-01 6.838211908789509907e-01 7.224850058710547973e-01
2.299999999999995737e+01 7.114148875766714841e-01 6.880200615066128789e-01 7.270808294526244220e-01
2.309999999999995879e+01 7.158581401330404992e-01 6.921764637337803894e-01 7.316153849424401612e-01
2.319999999999995666e+01 7.202471386891144967e-01 6.962904247204624308e-01 7.360889411394528903e-01
2.329999999999995453e+01 7.245820566713955246e-01 7.003619860220418047e-01 7.405017886120633941e-01
2.339999999999995595e+01 7.288630863254690340e-01 7.043912031280337160e-01 7.448542386640095714e-01
2.349999999999995737e+01 7.330904379282546790e-01 7.083781450066609642e-01 7.491466223238283373e-01
2.359999999999995524e+01 7.372643390155672050e-01 7.123228936554859558e-01 7.533792893581362504e-01
2.369999999999995310e+01 7.413850336252524320e-01 7.162255436583151447e-01 7.575526073089172696e-01
2.379999999999995453e+01 7.454527815561202697e-01 7.200862017485756272e-01 7.616669605549465372e-01
2.389999999999995595e+01 7.494678576428599470e-01 7.239049863793414197e-01 7.657227493974292365e-01
2.399999999999995381e+01 7.534305510470836742e-01 7.276820273001738393e-01 7.697203891698832789e-01
2.409999999999995168e+01 7.573411645646124235e-01 7.314174651409169892e-01 7.736603093722498325e-01
2.419999999999995310e+01 7.612000139490795458e-01 7.351114510025777982e-01 7.775429528291688541e-01
2.429999999999995453e+01 7.650074272519035157e-01 7.387641460554008610e-01 7.813687748723237014e-01
2.439999999999995239e+01 7.687637441786456804e-01 7.423757211442368886e-01 7.851382425467161585e-01
2.449999999999995026e+01 7.724693154617483515e-01 7.459463564012851489e-01 7.888518338407021213e-01
2.459999999999995168e+01 7.761245022496142676e-01 7.494762408662799524e-01 7.925100369395872146e-01
2.469999999999995310e+01 7.797296755119729195e-01 7.529655721141734759e-01 7.961133495025493056e-01
2.479999999999995097e+01 7.832852154614522444e-01 7.564145558903641042e-01 7.996622779626342270e-01
2.489999999999994884e+01 7.867915109912563265e-01 7.598234057534954955e-01 8.031573368495427134e-01
2.499999999999995026e+01 7.902489591288254234e-01 7.631923427258502368e-01 8.065990481349035734e-01
2.509999999999995168e+01 7.936579645053447596e-01 7.665215949513457527e-01 8.099879405997145732e-01
2.519999999999994955e+01 7.970189388409452125e-01 7.698113973611343530e-01 8.133245492236083063e-01
2.529999999999994742e+01 8.003323004454288014e-01 7.730619913467965398e-01 8.166094145955882233e-01
2.539999999999994884e+01 8.035984737343339068e-01 7.762736244411073683e-01 8.198430823458637828e-01
2.549999999999995026e+01 8.068178887601460403e-01 7.794465500063523233e-01 8.230261025984041412e-01
2.559999999999994813e+01 8.099909807584478871e-01 7.825810269301557431e-01 8.261590294438150295e-01
2.569999999999994600e+01 8.131181897087915722e-01 7.856773193287799328e-01 8.292424204321396930e-01
2.579999999999994742e+01 8.161999599100647762e-01 7.887356962578472297e-01 8.322768360851701130e-01
2.589999999999994884e+01 8.192367395701187771e-01 7.917564314304275097e-01 8.352628394278545088e-01
2.599999999999994671e+01 8.222289804094151666e-01 7.947398029424325161e-01 8.382009955383779021e-01
2.609999999999994458e+01 8.251771372784437730e-01 7.976860930052493970e-01 8.410918711164916406e-01
2.619999999999994600e+01 8.280816677886559951e-01 8.005955876855387343e-01 8.439360340696596685e-01
2.629999999999994742e+01 8.309430319566580847e-01 8.034685766521247885e-01 8.467340531165938877e-01
2.639999999999994529e+01 8.337616918613974804e-01 8.063053529298941369e-01 8.494864974077444009e-01
2.649999999999994316e+01 8.365381113140815117e-01 8.091062126606185512e-01 8.521939361623149800e-01
2.659999999999994458e+01 8.392727555405536943e-01 8.118714548706125189e-01 8.548569383213688866e-01
2.669999999999994600e+01 8.419660908758610507e-01 8.146013812451345926e-01 8.574760722165979399e-01
2.679999999999994387e+01 8.446185844707392310e-01 8.172962959094363100e-01 8.600519052543261767e-01
2.689999999999994174e+01 8.472307040097413200e-01 8.199565052163629852e-01 8.625850036143227761e-01
2.699999999999994316e+01 8.498029174407377706e-01 8.225823175404021192e-01 8.650759319630020316e-01
2.709999999999994458e+01 8.523356927155126828e-01 8.251740430780818425e-01 8.675252531805935918e-01
2.719999999999993889e+01 8.548294975411852015e-01 8.277319936546115864e-01 8.699335281018684141e-01
2.729999999999994031e+01 8.572847991421828073e-01 8.302564825366606227e-01 8.723013152700140882e-01
2.739999999999994174e+01 8.597020640324948282e-01 8.327478242511666684e-01 8.746291707032515239e-01
2.749999999999994316e+01 8.620817577979391633e-01 8.352063344100657538e-01 8.769176476738006487e-01
2.759999999999993747e+01 8.644243448881736569e-01 8.376323295408345526e-01 8.791672964987997663e-01
2.769999999999993889e+01 8.667302884181881106e-01 8.400261269227347061e-01 8.813786643427945489e-01
2.779999999999994031e+01 8.690000499790125899e-01 8.423880444286462321e-01 8.835522950314155244e-01
2.789999999999994174e+01 8.712340894573862293e-01 8.447184003723817725e-01 8.856887288758749088e-01
2.799999999999993605e+01 8.734328648641261905e-01 8.470175133613682128e-01 8.877885025079133019e-01
2.809999999999993747e+01 8.755968321709474145e-01 8.492857021545844320e-01 8.898521487248421957e-01
2.819999999999993889e+01 8.777264451554789293e-01 8.515232855256421596e-01 8.918801963443254710e-01
2.829999999999994031e+01 8.798221552542359047e-01 8.537305821309012499e-01 8.938731700685622616e-01
2.839999999999993463e+01 8.818844114233000964e-01 8.559079103825054657e-01 8.958315903575282402e-01
2.849999999999993605e+01 8.839136600064746441e-01 8.580555883262305228e-01 8.977559733109525819e-01
2.859999999999993747e+01 8.859103446106747493e-01 8.601739335240304873e-01 8.996468305587022041e-01
2.869999999999993889e+01 8.878749059883271899e-01 8.622632629411784988e-01 9.015046691592663031e-01
2.879999999999993321e+01 8.898077819265508559e-01 8.643238928378876862e-01 9.033299915060289953e-01
2.889999999999993463e+01 8.917094071428975921e-01 8.663561386653081398e-01 9.051232952410355193e-01
2.899999999999993605e+01 8.935802131874336363e-01 8.683603149657906917e-01 9.068850731759570127e-01
2.909999999999993747e+01 8.954206283509521525e-01 8.703367352773129229e-01 9.086158132199733117e-01
2.919999999999993179e+01 8.972310775791049187e-01 8.722857120419627019e-01 9.103159983142964373e-01
2.929999999999993321e+01 8.990119823922517739e-01 8.742075565183744512e-01 9.119861063730658746e-01
2.939999999999993463e+01 9.007637608108249871e-01 8.761025786980159991e-01 9.136266102303529646e-01
2.949999999999993605e+01 9.024868272860164797e-01 8.779710872252257658e-01 9.152379775930240546e-01
2.959999999999993037e+01 9.041815926355960542e-01 8.798133893209000300e-01 9.168206709992122727e-01
2.969999999999993179e+01 9.058484639846740016e-01 8.816297907097312425e-01 9.183751477821594511e-01
2.979999999999993321e+01 9.074878447112260105e-01 8.834205955508999120e-01 9.199018600391958289e-01
2.989999999999993463e+01 9.091001343962056280e-01 8.851861063721270240e-01 9.214012546056319364e-01
2.999999999999992895e+01 9.106857287780684151e-01 8.869266240069891838e-01 9.228737730333437250e-01
3.009999999999993037e+01 9.122450197115412607e-01 8.886424475354077757e-01 9.243198515738397791e-01
3.019999999999993179e+01 9.137783951304726537e-01 8.903338742272163264e-01 9.257399211656033300e-01
3.029999999999993321e+01 9.152862390146033755e-01 8.920011994887220297e-01 9.271344074255124523e-01
3.039999999999992752e+01 9.167689313601034007e-01 8.936447168121686158e-01 9.285037306441450422e-01
3.049999999999992895e+01 9.182268481537237959e-01 8.952647177280178559e-01 9.298483057847829469e-01
3.059999999999993037e+01 9.196603613504144015e-01 8.968614917599611047e-01 9.311685424859337257e-01
3.069999999999993179e+01 9.210698388542682968e-01 8.984353263825826108e-01 9.324648450671981781e-01
3.079999999999992610e+01 9.224556445026512730e-01 8.999865069815879970e-01 9.337376125383139991e-01
3.089999999999992752e+01 9.238181380533826426e-01 9.015153168165220832e-01 9.349872386112149103e-01
3.099999999999992895e+01 9.251576751748367133e-01 9.030220369858943386e-01 9.362141117149456182e-01
3.109999999999993037e+01 9.264746074388372499e-01 9.045069463946378008e-01 9.374186150132847173e-01
3.119999999999992468e+01 9.277692823162233537e-01 9.059703217238257444e-01 9.386011264249275454e-01
3.129999999999992610e+01 9.290420431749659702e-01 9.074124374025711592e-01 9.397620186460901026e-01
3.139999999999992752e+01 9.302932292807195580e-01 9.088335655820390935e-01 9.409016591753952552e-01
3.149999999999992895e+01 9.315231757996972339e-01 9.102339761115003647e-01 9.420204103409149932e-01
3.159999999999992326e+01 9.327322138037611454e-01 9.116139365163586916e-01 9.431186293292397327e-01
3.169999999999992468e+01 9.339206702776223779e-01 9.129737119780833021e-01 9.441966682164557589e-01
3.179999999999992610e+01 9.350888681280485892e-01 9.143135653159818466e-01 9.452548740009119044e-01
3.189999999999992752e+01 9.362371261949817836e-01 9.156337569707498902e-01 9.462935886376666605e-01
3.199999999999992184e+01 9.373657592644706327e-01 9.169345449897339240e-01 9.473131490745054784e-01
3.209999999999992326e+01 9.384750780833248651e-01 9.182161850138472747e-01 9.483138872894256721e-01
3.219999999999992468e+01 9.395653893754042363e-01 9.194789302660790753e-01 9.492961303294907838e-01
3.229999999999992610e+01 9.406369958594547054e-01 9.207230315415384503e-01 9.502602003509558193e-01
3.239999999999992042e+01 9.416901962684095517e-01 9.219487371989777413e-01 9.512064146605762049e-01
3.249999999999992184e+01 9.427252853700766044e-01 9.231562931537392602e-01 9.521350857580088700e-01
3.259999999999992326e+01 9.437425539891315385e-01 9.243459428720712800e-01 9.530465213792224111e-01
3.269999999999992468e+01 9.447422890303456278e-01 9.255179273667624162e-01 9.539410245408374012e-01
3.279999999999991900e+01 9.457247735029749025e-01 9.266724851940417729e-01 9.548188935853160197e-01
3.289999999999992042e+01 9.466902865462414329e-01 9.278098524516975587e-01 9.556804222269309479e-01
3.299999999999992184e+01 9.476391034558393489e-01 9.289302627783627697e-01 9.565258995984392554e-01
3.309999999999992326e+01 9.485714957114038670e-01 9.300339473539245283e-01 9.573556102983953320e-01
3.319999999999991758e+01 9.494877310048782659e-01 9.311211349010084515e-01 9.581698344390379152e-01
3.329999999999991900e+01 9.503880732697217448e-01 9.321920516874960816e-01 9.589688476946888196e-01
3.339999999999992042e+01 9.512727827108993228e-01 9.332469215300300824e-01 9.597529213506046375e-01
3.349999999999992184e+01 9.521421158356000447e-01 9.342859657984676769e-01 9.605223223522241227e-01
3.359999999999991616e+01 9.529963254846289811e-01 9.353094034212390273e-01 9.612773133547591886e-01
3.369999999999991758e+01 9.538356608644239509e-01 9.363174508915742544e-01 9.620181527730757853e-01
3.379999999999991900e+01 9.546603675796464517e-01 9.373103222745565732e-01 9.627450948318174717e-01
3.389999999999992042e+01 9.554706876663008330e-01 9.382882292149690162e-01 9.634583896157244975e-01
3.399999999999991473e+01 9.562668596253365294e-01 9.392513809458942209e-01 9.641582831201044312e-01
3.409999999999991616e+01 9.570491184566899401e-01 9.401999842980364175e-01 9.648450173014105902e-01
3.419999999999991758e+01 9.578176956937247688e-01 9.411342437097273139e-01 9.655188301278908591e-01
3.429999999999991900e+01 9.585728194380307432e-01 9.420543612375871234e-01 9.661799556302658187e-01
3.439999999999991331e+01 9.593147143945431887e-01 9.429605365678049855e-01 9.668286239524027659e-01
3.449999999999991473e+01 9.600436019069467086e-01 9.438529670280122463e-01 9.674650614019494332e-01
3.459999999999991616e+01 9.607596999933282200e-01 9.447318475997130705e-01 9.680894905008952112e-01
3.469999999999991758e+01 9.614632233820458174e-01 9.455973709312490705e-01 9.687021300360306730e-01
3.479999999999991189e+01 9.621543835477815998e-01 9.464497273512653130e-01 9.693031951092735410e-01
3.489999999999991331e+01 9.628333887477488195e-01 9.472891048826543869e-01 9.698928971878369998e-01
3.499999999999991473e+01 9.635004440580223761e-01 9.481156892569481132e-01 9.704714441542107162e-01
3.509999999999991616e+01 9.641557514099670101e-01 9.489296639291352475e-01 9.710390403559333583e-01
3.519999999999991047e+01 9.647995096267351078e-01 9.497312100928784195e-01 9.715958866551318573e-01
3.529999999999991189e+01 9.654319144598099145e-01 9.505205066961072147e-01 9.721421804778055398e-01
3.539999999999991331e+01 9.660531586255691749e-01 9.512977304569640857e-01 9.726781158628357016e-01
3.549999999999991473e+01 9.666634318418468874e-01 9.520630558800814436e-01 9.732038835107014174e-01
3.559999999999990905e+01 9.672629208644709653e-01 9.528166552731680561e-01 9.737196708318822669e-01
3.569999999999991047e+01 9.678518095237569341e-01 9.535586987638839940e-01 9.742256619949336560e-01
3.579999999999991189e+01 9.684302787609363472e-01 9.542893543169843618e-01 9.747220379742163043e-01
3.589999999999991331e+01 9.689985066645024903e-01 9.550087877517130508e-01 9.752089765972675739e-01
3.599999999999990763e+01 9.695566685064558321e-01 9.557171627594265306e-01 9.756866525918003186e-01
3.609999999999990905e+01 9.701049367784309041e-01 9.564146409214313582e-01 9.761552376323160418e-01
3.619999999999991047e+01 9.706434812276902857e-01 9.571013817270167534e-01 9.766149003863211497e-01
3.629999999999991189e+01 9.711724688929692650e-01 9.577775425916669194e-01 9.770658065601364184e-01
3.639999999999990621e+01 9.716920641401587400e-01 9.584432788754351229e-01 9.775081189442875740e-01
3.649999999999990763e+01 9.722024286978102614e-01 9.590987439014672100e-01 9.779419974584708797e-01
3.659999999999990905e+01 9.727037216924534491e-01 9.597440889746559067e-01 9.783675991960821827e-01
3.669999999999991047e+01 9.731960996837111244e-01 9.603794634004148012e-01 9.787850784683045369e-01
3.679999999999990479e+01 9.736797166992033903e-01 9.610050145035563540e-01 9.791945868477458514e-01
3.689999999999990621e+01 9.741547242692286668e-01 9.616208876472613909e-01 9.795962732116212379e-01
3.699999999999990763e+01 9.746212714612109140e-01 9.622272262521275321e-01 9.799902837844740588e-01
3.709999999999990905e+01 9.750795049139069359e-01 9.628241718152837914e-01 9.803767621804307941e-01
3.719999999999990337e+01 9.755295688713612190e-01 9.634118639295599085e-01 9.807558494449859499e-01
3.729999999999990479e+01 9.759716052166033107e-01 9.639904403026998692e-01 9.811276840963126800e-01
3.739999999999990621e+01 9.764057535050786329e-01 9.645600367766072880e-01 9.814924021660954567e-01
3.749999999999990763e+01 9.768321509978057371e-01 9.651207873466131071e-01 9.818501372398834581e-01
3.759999999999990195e+01 9.772509326942545593e-01 9.656728241807568391e-01 9.822010204969608971e-01
3.769999999999990337e+01 9.776622313649389051e-01 9.662162776390695873e-01 9.825451807497335155e-01
3.779999999999990479e+01 9.780661775837172778e-01 9.667512762928511805e-01 9.828827444826295778e-01
3.789999999999990621e+01 9.784628997597981659e-01 9.672779469439325428e-01 9.832138358905139208e-01
3.799999999999990052e+01 9.788525241694441270e-01 9.677964146439153037e-01 9.835385769166158365e-01
3.809999999999990195e+01 9.792351749873713374e-01 9.683068027133793221e-01 9.838570872899687902e-01
3.819999999999990337e+01 9.796109743178392781e-01 9.688092327610516863e-01 9.841694845623638610e-01
3.829999999999990479e+01 9.799800422254300036e-01 9.693038247029306387e-01 9.844758841448160158e-01
3.839999999999989910e+01 9.803424967655096633e-01 9.697906967813547663e-01 9.847763993435453278e-01
3.849999999999990052e+01 9.806984540143743878e-01 9.702699655840144599e-01 9.850711413954731377e-01
3.859999999999990195e+01 9.810480280990742097e-01 9.707417460628960937e-01 9.853602195032350464e-01
3.869999999999990337e+01 9.813913312269147982e-01 9.712061515531552613e-01 9.856437408697128477e-01
3.879999999999989768e+01 9.817284737146353413e-01 9.716632937919116308e-01 9.859218107320857349e-01
3.889999999999989910e+01 9.820595640172605778e-01 9.721132829369620865e-01 9.861945323954057763e-01
3.899999999999990052e+01 9.823847087566253133e-01 9.725562275854041649e-01 9.864620072656963279e-01
3.909999999999990195e+01 9.827040127495718647e-01 9.729922347921678982e-01 9.867243348825797122e-01
3.919999999999989626e+01 9.830175790358184340e-01 9.734214100884492904e-01 9.869816129514336067e-01
3.929999999999989768e+01 9.833255089054983022e-01 9.738438575000423203e-01 9.872339373750816938e-01
3.939999999999989910e+01 9.836279019263703960e-01 9.742596795655643627e-01 9.874814022850201267e-01
3.949999999999990052e+01 9.839248559707002295e-01 9.746689773545715862e-01 9.877241000721836972e-01
3.959999999999989484e+01 9.842164672418112215e-01 9.750718504855615532e-01 9.879621214172549237e-01
3.969999999999989626e+01 9.845028303003082737e-01 9.754683971438575796e-01 9.881955553205199472e-01
3.979999999999989768e+01 9.847840380899726132e-01 9.758587140993733033e-01 9.884244891312743420e-01
3.989999999999989910e+01 9.850601819633293399e-01 9.762428967242533506e-01 9.886490085767835057e-01
3.999999999999989342e+01 9.853313517068885696e-01 9.766210390103883254e-01 9.888691977908000696e-01
