1.100000000000000000e+01 2.439024390243902524e-02
1.259999999999999964e+01 4.878048780487805047e-02
1.259999999999999964e+01 7.317073170731706877e-02
1.280000000000000071e+01 9.756097560975610095e-02
1.280000000000000071e+01 1.219512195121951192e-01
1.340000000000000036e+01 1.463414634146341375e-01
1.340000000000000036e+01 1.707317073170731836e-01
1.380000000000000071e+01 1.951219512195122019e-01
1.380000000000000071e+01 2.195121951219512202e-01
1.400000000000000000e+01 2.439024390243902385e-01
1.419999999999999929e+01 2.682926829268292845e-01
1.440000000000000036e+01 2.926829268292682751e-01
1.680000000000000071e+01 3.170731707317073211e-01
1.680000000000000071e+01 3.414634146341463672e-01
1.680000000000000071e+01 3.658536585365853577e-01
1.700000000000000000e+01 3.902439024390244038e-01
1.700000000000000000e+01 4.146341463414633943e-01
1.839999999999999858e+01 4.390243902439024404e-01
1.900000000000000000e+01 4.634146341463414864e-01
1.939999999999999858e+01 4.878048780487804770e-01
1.980000000000000071e+01 5.121951219512195230e-01
2.000000000000000000e+01 5.365853658536585691e-01
2.039999999999999858e+01 5.609756097560976151e-01
2.080000000000000071e+01 5.853658536585365502e-01
2.100000000000000000e+01 6.097560975609755962e-01
2.100000000000000000e+01 6.341463414634146423e-01
2.160000000000000142e+01 6.585365853658536883e-01
2.219999999999999929e+01 6.829268292682927344e-01
2.239999999999999858e+01 7.073170731707316694e-01
2.280000000000000071e+01 7.317073170731707155e-01
2.300000000000000000e+01 7.560975609756097615e-01
2.419999999999999929e+01 7.804878048780488076e-01
2.600000000000000000e+01 8.048780487804878536e-01
2.619999999999999929e+01 8.292682926829267887e-01
2.660000000000000142e+01 8.536585365853658347e-01
2.900000000000000000e+01 8.780487804878048808e-01
3.279999999999999716e+01 9.024390243902439268e-01
3.439999999999999858e+01 9.268292682926829729e-01
3.739999999999999858e+01 9.512195121951219079e-01
4.000000000000000000e+01 9.756097560975609539e-01
