5.000000000000000000e+00 2.480959622082174576e+01
1.000000000000000000e+01 2.861887445114074424e+01
1.500000000000000000e+01 3.076803703908689158e+01
2.500000000000000000e+01 3.343190759334962081e+01
5.000000000000000000e+01 3.700249052638541514e+01
1.000000000000000000e+02 4.054670883552110894e+01
2.000000000000000000e+02 4.407799488739434679e+01
3.000000000000000000e+02 4.614043956208331565e+01
4.000000000000000000e+02 4.760287578182087032e+01
5.000000000000000000e+02 4.873685629541107289e+01
