1.000000000000000000e+00 3.212333632536092409e+01
1.100000000000000089e+00 3.352203356956878366e+01
1.200000000000000178e+00 3.485205572254479023e+01
1.300000000000000266e+00 3.612210847531838454e+01
1.400000000000000355e+00 3.733921901487505579e+01
1.500000000000000444e+00 3.850915504007406298e+01
1.600000000000000533e+00 3.963671846948185618e+01
1.700000000000000622e+00 4.072595674819956457e+01
1.800000000000000711e+00 4.178031832344855445e+01
1.900000000000000799e+00 4.280276929995744695e+01
2.000000000000000888e+00 4.379588248602721734e+01
2.100000000000000977e+00 4.476190640832975021e+01
2.200000000000001066e+00 4.570281953392332497e+01
2.300000000000001155e+00 4.662037339365241451e+01
2.400000000000001243e+00 4.751612725904783474e+01
2.500000000000001332e+00 4.839147630767475050e+01
2.600000000000001421e+00 4.924767470941694114e+01
2.700000000000001510e+00 5.008585470840722564e+01
2.800000000000001599e+00 5.090704251676533687e+01
2.900000000000001688e+00 5.171217164692027524e+01
3.000000000000001776e+00 5.250209416883589597e+01
3.100000000000001865e+00 5.327759027308459849e+01
3.200000000000001954e+00 5.403937644081768354e+01
3.300000000000002043e+00 5.478811246050121753e+01
3.400000000000002132e+00 5.552440748400797332e+01
3.500000000000002220e+00 5.624882527780536634e+01
3.600000000000002309e+00 5.696188879602634358e+01
3.700000000000002398e+00 5.766408417929014973e+01
3.800000000000002487e+00 5.835586426486812428e+01
3.900000000000002576e+00 5.903765167912591494e+01
4.000000000000002665e+00 5.970984157133170100e+01
4.100000000000003197e+00 6.037280403830057196e+01
4.200000000000002842e+00 6.102688628148689531e+01
4.300000000000002487e+00 6.167241453168320220e+01
4.400000000000003020e+00 6.230969577115759961e+01
4.500000000000003553e+00 6.293901927864441603e+01
4.600000000000003197e+00 6.356065801892295752e+01
4.700000000000002842e+00 6.417486989563977318e+01
4.800000000000003375e+00 6.478189888344333269e+01
4.900000000000003908e+00 6.538197605331758666e+01
5.000000000000003553e+00 6.597532050315390961e+01
5.100000000000003197e+00 6.656214020403085385e+01
5.200000000000003730e+00 6.714263277133264296e+01
5.300000000000004263e+00 6.771698616869277032e+01
5.400000000000003908e+00 6.828537935176599660e+01
5.500000000000003553e+00 6.884798285798652273e+01
5.600000000000004086e+00 6.940495934773973374e+01
5.700000000000004619e+00 6.995646410174286700e+01
5.800000000000004263e+00 7.050264547888123445e+01
5.900000000000003908e+00 7.104364533826868922e+01
6.000000000000004441e+00 7.157959942888456339e+01
6.100000000000004974e+00 7.211063774977479568e+01
6.200000000000004619e+00 7.263688488348519456e+01
6.300000000000004263e+00 7.315846030511410447e+01
6.400000000000004796e+00 7.367547866912443055e+01
6.500000000000005329e+00 7.418805007583677025e+01
6.600000000000004974e+00 7.469628031933245893e+01
6.700000000000004619e+00 7.520027111832438038e+01
6.800000000000005151e+00 7.570012033140150720e+01
6.900000000000005684e+00 7.619592215791830370e+01
7.000000000000005329e+00 7.668776732567992838e+01
7.100000000000004974e+00 7.717574326646648331e+01
7.200000000000005507e+00 7.765993428034408907e+01
7.300000000000006040e+00 7.814042168962441792e+01
7.400000000000005684e+00 7.861728398325691103e+01
7.500000000000005329e+00 7.909059695236948073e+01
7.600000000000005862e+00 7.956043381761045907e+01
7.700000000000006395e+00 8.002686534888864855e+01
7.800000000000006040e+00 8.048995997805826619e+01
7.900000000000005684e+00 8.094978390504854815e+01
8.000000000000007105e+00 8.140640119789811990e+01
8.100000000000006750e+00 8.185987388711509993e+01
8.200000000000006395e+00 8.231026205475103552e+01
8.300000000000006040e+00 8.275762391854530620e+01
8.400000000000005684e+00 8.320201591146887665e+01
8.500000000000007105e+00 8.364349275697037456e+01
8.600000000000006750e+00 8.408210754020450395e+01
8.700000000000006395e+00 8.451791177550138912e+01
8.800000000000007816e+00 8.495095547031614558e+01
8.900000000000007461e+00 8.538128718587961430e+01
9.000000000000007105e+00 8.580895409475627389e+01
9.100000000000006750e+00 8.623400203549881837e+01
9.200000000000006395e+00 8.665647556457653877e+01
9.300000000000007816e+00 8.707641800574134550e+01
9.400000000000007461e+00 8.749387149698395660e+01
9.500000000000007105e+00 8.790887703522247421e+01
9.600000000000008527e+00 8.832147451885523992e+01
9.700000000000008171e+00 8.873170278830112068e+01
9.800000000000007816e+00 8.913959966464254592e+01
9.900000000000007461e+00 8.954520198647787765e+01
1.000000000000000711e+01 8.994854564508393935e+01
1.010000000000000853e+01 9.034966561798171369e+01
1.020000000000000817e+01 9.074859600099303236e+01
1.030000000000000782e+01 9.114537003887036803e+01
1.040000000000000924e+01 9.154002015457604102e+01
1.050000000000000888e+01 9.193257797728308844e+01
1.060000000000000853e+01 9.232307436916507015e+01
1.070000000000000817e+01 9.271153945103823446e+01
1.080000000000000782e+01 9.309800262691523187e+01
1.090000000000000924e+01 9.348249260752645284e+01
1.100000000000000888e+01 9.386503743286122869e+01
1.110000000000000853e+01 9.424566449377843469e+01
1.120000000000000995e+01 9.462440055273282269e+01
1.130000000000000959e+01 9.500127176366083859e+01
1.140000000000000924e+01 9.537630369106712180e+01
1.150000000000000888e+01 9.574952132835063878e+01
1.160000000000000853e+01 9.612094911540692976e+01
1.170000000000000995e+01 9.649061095554107226e+01
1.180000000000000959e+01 9.685853023172406040e+01
1.190000000000000924e+01 9.722472982222343774e+01
1.200000000000001066e+01 9.758923211563724465e+01
1.210000000000001030e+01 9.795205902535874998e+01
1.220000000000000995e+01 9.831323200349834224e+01
1.230000000000000959e+01 9.867277205428688092e+01
1.240000000000000924e+01 9.903069974698405531e+01
1.250000000000001066e+01 9.938703522831384873e+01
1.260000000000001030e+01 9.974179823444801229e+01
1.270000000000000995e+01 1.000950081025575145e+02
1.280000000000001137e+01 1.004466837819506821e+02
1.290000000000001101e+01 1.007968438448161237e+02
1.300000000000001066e+01 1.011455064965872026e+02
1.310000000000001030e+01 1.014926895859442908e+02
1.320000000000000995e+01 1.018384106144701775e+02
1.330000000000001137e+01 1.021826867459730437e+02
1.340000000000001101e+01 1.025255348154910848e+02
1.350000000000001066e+01 1.028669713379915862e+02
1.360000000000001208e+01 1.032070125167775387e+02
1.370000000000001172e+01 1.035456742516129935e+02
1.380000000000001137e+01 1.038829721465792773e+02
1.390000000000001101e+01 1.042189215176723138e+02
1.400000000000001066e+01 1.045535374001517113e+02
1.410000000000001208e+01 1.048868345556511770e+02
1.420000000000001172e+01 1.052188274790599678e+02
1.430000000000001137e+01 1.055495304051839582e+02
1.440000000000001279e+01 1.058789573151951373e+02
1.450000000000001243e+01 1.062071219428774782e+02
1.460000000000001208e+01 1.065340377806772665e+02
1.470000000000001172e+01 1.068597180855648361e+02
1.480000000000001137e+01 1.071841758847152875e+02
1.490000000000001279e+01 1.075074239810146963e+02
1.500000000000001243e+01 1.078294749583984071e+02
1.510000000000001208e+01 1.081503411870275642e+02
1.520000000000001350e+01 1.084700348283099061e+02
1.530000000000001315e+01 1.087885678397703231e+02
1.540000000000001279e+01 1.091059519797768615e+02
1.550000000000001243e+01 1.094221988121272062e+02
1.560000000000001208e+01 1.097373197105007137e+02
1.570000000000001350e+01 1.100513258627806010e+02
1.580000000000001315e+01 1.103642282752512216e+02
1.590000000000001279e+01 1.106760377766744767e+02
1.600000000000001421e+01 1.109867650222496849e+02
1.610000000000001563e+01 1.112964204974610567e+02
1.620000000000001350e+01 1.116050145218164715e+02
1.630000000000001137e+01 1.119125572524813634e+02
1.640000000000001279e+01 1.122190586878113834e+02
1.650000000000001421e+01 1.125245286707869639e+02
1.660000000000001563e+01 1.128289768923534382e+02
1.670000000000001350e+01 1.131324128946696135e+02
1.680000000000001492e+01 1.134348460742679805e+02
1.690000000000001279e+01 1.137362856851293458e+02
1.700000000000001421e+01 1.140367408416748276e+02
1.710000000000001563e+01 1.143362205216778591e+02
1.720000000000001350e+01 1.146347335690986569e+02
1.730000000000001492e+01 1.149322886968440685e+02
1.740000000000001279e+01 1.152288944894544898e+02
1.750000000000001421e+01 1.155245594057209928e+02
1.760000000000001563e+01 1.158192917812341989e+02
1.770000000000001350e+01 1.161130998308673981e+02
1.780000000000001492e+01 1.164059916511959898e+02
1.790000000000001634e+01 1.166979752228549785e+02
1.800000000000001421e+01 1.169890584128367124e+02
1.810000000000001563e+01 1.172792489767305568e+02
1.820000000000001705e+01 1.175685545609062501e+02
1.830000000000001492e+01 1.178569827046428600e+02
1.840000000000001634e+01 1.181445408422047478e+02
1.850000000000001421e+01 1.184312363048662462e+02
1.860000000000001563e+01 1.187170763228866974e+02
1.870000000000001705e+01 1.190020680274370051e+02
1.880000000000001492e+01 1.192862184524795452e+02
1.890000000000001634e+01 1.195695345366025748e+02
1.900000000000001421e+01 1.198520231248104153e+02
1.910000000000001563e+01 1.201336909702709193e+02
1.920000000000001705e+01 1.204145447360212984e+02
1.930000000000001492e+01 1.206945909966334511e+02
1.940000000000001634e+01 1.209738362398403950e+02
1.950000000000001776e+01 1.212522868681241022e+02
1.960000000000001563e+01 1.215299492002666852e+02
1.970000000000001705e+01 1.218068294728655303e+02
1.980000000000001847e+01 1.220829338418133005e+02
1.990000000000001634e+01 1.223582683837441181e+02
2.000000000000001776e+01 1.226328390974467055e+02
2.010000000000001563e+01 1.229066519052452691e+02
2.020000000000001705e+01 1.231797126543493022e+02
2.030000000000001847e+01 1.234520271181728646e+02
2.040000000000001634e+01 1.237236009976244304e+02
2.050000000000001776e+01 1.239944399223679028e+02
2.060000000000001563e+01 1.242645494520557747e+02
2.070000000000001705e+01 1.245339350775348919e+02
2.080000000000001847e+01 1.248026022220259108e+02
2.090000000000001634e+01 1.250705562422768509e+02
2.100000000000001776e+01 1.253378024296916209e+02
2.110000000000001918e+01 1.256043460114340604e+02
2.120000000000001705e+01 1.258701921515082489e+02
2.130000000000001847e+01 1.261353459518156086e+02
2.140000000000001990e+01 1.263998124531893836e+02
2.150000000000001776e+01 1.266635966364072630e+02
2.160000000000001918e+01 1.269267034231825306e+02
2.170000000000001705e+01 1.271891376771342692e+02
2.180000000000001847e+01 1.274509042047373839e+02
2.190000000000001990e+01 1.277120077562526745e+02
2.200000000000001776e+01 1.279724530266376945e+02
2.210000000000001918e+01 1.282322446564387519e+02
2.220000000000001705e+01 1.284913872326644650e+02
2.230000000000001847e+01 1.287498852896416679e+02
2.240000000000001990e+01 1.290077433098535096e+02
2.250000000000001776e+01 1.292649657247609127e+02
2.260000000000001918e+01 1.295215569156071354e+02
2.270000000000002061e+01 1.297775212142063026e+02
2.280000000000001847e+01 1.300328629037160511e+02
2.290000000000001990e+01 1.302875862193949672e+02
2.300000000000002132e+01 1.305416953493446215e+02
2.310000000000001918e+01 1.307951944352372493e+02
2.320000000000002061e+01 1.310480875730290506e+02
2.330000000000001847e+01 1.313003788136592789e+02
2.340000000000001990e+01 1.315520721637361419e+02
2.350000000000002132e+01 1.318031715862086912e+02
2.360000000000001918e+01 1.320536810010265754e+02
2.370000000000002061e+01 1.323036042857862356e+02
2.380000000000001847e+01 1.325529452763652785e+02
2.390000000000001990e+01 1.328017077675444853e+02
