2.500000000000000000e-01 2.059509202183171794e+01
2.550000000000000044e-01 2.075076326432204965e+01
2.600000000000000089e-01 2.090455413003471818e+01
2.650000000000000133e-01 2.105652284993387013e+01
2.700000000000000178e-01 2.120672479298715629e+01
2.750000000000000222e-01 2.135521265695246029e+01
2.800000000000000266e-01 2.150203664322574326e+01
2.850000000000000311e-01 2.164724461734106598e+01
2.900000000000000355e-01 2.179088225653012856e+01
2.950000000000000400e-01 2.193299318558869615e+01
3.000000000000000444e-01 2.207361910215816536e+01
3.050000000000000488e-01 2.221279989240884234e+01
3.100000000000000533e-01 2.235057373800476554e+01
3.150000000000000577e-01 2.248697721513672576e+01
3.200000000000000622e-01 2.262204538632756012e+01
3.250000000000000666e-01 2.275581188564151702e+01
3.300000000000000711e-01 2.288830899786534445e+01
3.350000000000000755e-01 2.301956773217203178e+01
3.400000000000000799e-01 2.314961789072802034e+01
3.450000000000000844e-01 2.327848813265989136e+01
3.500000000000000888e-01 2.340620603375687381e+01
3.550000000000000933e-01 2.353279814225001587e+01
3.600000000000000977e-01 2.365829003097732297e+01
3.650000000000001021e-01 2.378270634621571844e+01
3.700000000000001066e-01 2.390607085343540206e+01
3.750000000000001110e-01 2.402840648020940506e+01
3.800000000000001155e-01 2.414973535649059500e+01
3.850000000000001199e-01 2.427007885245010499e+01
3.900000000000001243e-01 2.438945761405439328e+01
3.950000000000001288e-01 2.450789159654332394e+01
4.000000000000001332e-01 2.462540009595792512e+01
4.050000000000001377e-01 2.474200177885438379e+01
4.100000000000001421e-01 2.485771471032963120e+01
4.150000000000001465e-01 2.497255638047380089e+01
4.200000000000001510e-01 2.508654372935567167e+01
4.250000000000001554e-01 2.519969317063895176e+01
4.300000000000001599e-01 2.531202061391953961e+01
4.350000000000001643e-01 2.542354148586707652e+01
4.400000000000001688e-01 2.553427075024777437e+01
4.450000000000001732e-01 2.564422292689970817e+01
4.500000000000001776e-01 2.575341210972644390e+01
4.550000000000001821e-01 2.586185198377022232e+01
4.600000000000001865e-01 2.596955584142120088e+01
4.650000000000001910e-01 2.607653659781545485e+01
4.700000000000001954e-01 2.618280680547056960e+01
4.750000000000001998e-01 2.628837866820425972e+01
4.800000000000002043e-01 2.639326405437829948e+01
4.850000000000002087e-01 2.649747450950710714e+01
4.900000000000002132e-01 2.660102126826773627e+01
4.950000000000002176e-01 2.670391526594542952e+01
5.000000000000002220e-01 2.680616714934672729e+01
5.050000000000002265e-01 2.690778728720993840e+01
5.100000000000002309e-01 2.700878578014084397e+01
5.150000000000002354e-01 2.710917247009978581e+01
5.200000000000002398e-01 2.720895694946440813e+01
5.250000000000002442e-01 2.730814856969108817e+01
5.300000000000002487e-01 2.740675644959631185e+01
5.350000000000002531e-01 2.750478948327821627e+01
5.400000000000002576e-01 2.760225634769703618e+01
5.450000000000002620e-01 2.769916550993222870e+01
5.500000000000002665e-01 2.779552523413288867e+01
5.550000000000002709e-01 2.789134358817705106e+01
5.600000000000002753e-01 2.798662845005457100e+01
5.650000000000002798e-01 2.808138751398748667e+01
5.700000000000002842e-01 2.817562829630081112e+01
5.750000000000002887e-01 2.826935814105604550e+01
5.800000000000002931e-01 2.836258422545898483e+01
5.850000000000002975e-01 2.845531356505272313e+01
5.900000000000003020e-01 2.854755301870616080e+01
5.950000000000003064e-01 2.863930929340767406e+01
6.000000000000003109e-01 2.873058894887318715e+01
6.050000000000003153e-01 2.882139840197730507e+01
6.100000000000003197e-01 2.891174393101567119e+01
6.150000000000003242e-01 2.900163167980632295e+01
6.200000000000003286e-01 2.909106766163739977e+01
6.250000000000003331e-01 2.918005776306813104e+01
6.300000000000003375e-01 2.926860774758968731e+01
6.350000000000003419e-01 2.935672325915214387e+01
6.400000000000003464e-01 2.944440982556341169e+01
6.450000000000003508e-01 2.953167286176585904e+01
6.500000000000003553e-01 2.961851767299579663e+01
6.550000000000003597e-01 2.970494945783099894e+01
6.600000000000003642e-01 2.979097331113097269e+01
6.650000000000003686e-01 2.987659422687457322e+01
6.700000000000003730e-01 2.996181710089927819e+01
6.750000000000003775e-01 3.004664673354624327e+01
6.800000000000003819e-01 3.013108783221503728e+01
6.850000000000003864e-01 3.021514501383180118e+01
6.900000000000003908e-01 3.029882280723435883e+01
6.950000000000003952e-01 3.038212565547764399e+01
7.000000000000003997e-01 3.046505791806271546e+01
7.050000000000004041e-01 3.054762387309233063e+01
7.100000000000004086e-01 3.062982771935606152e+01
7.150000000000004130e-01 3.071167357834776368e+01
7.200000000000004174e-01 3.079316549621792376e+01
7.250000000000004219e-01 3.087430744566357887e+01
7.300000000000004263e-01 3.095510332775811690e+01
7.350000000000004308e-01 3.103555697372330968e+01
7.400000000000004352e-01 3.111567214664575332e+01
7.450000000000004396e-01 3.119545254313986860e+01
